000112536
000666
000777121
001002
001216
0012315
001314
004025
004677
005659
008009
008009
00891224
00891224
00zzjj
010203
011289
01129530
012100
0171229243
020514
020802
021926
030168
031111
0323220
033543
041013
041046
041126
041531
04264260
0451200
047085
047085
048815
050102058
05030401
05030401
051188
06015231
060610426
060620118
060620118
0609080503
0609080503
061229
071102058
081492
081514
0917zx
100200
100200
10086189
1010110
1010wa
101103564
101103564
10111745
1012857737
1015985069
101619404
101621
101888
102231124
102497
102497
102884
1028921
1031441643
1031441643
10330953
103683ant
1036951xz
1037814479
1038530212
105048067
1056102798
10572829
106859199
106904521
107421409
107421409
107873
108108
10841054
108815
110024
110050989
110110
11011229
110120
110300
11072699
111111
1111111
111642
1116xhzx
111726
111777
111923
111qqq
112088
112123
1121521
1121ywf
1122809
1123159115
1124568
112491982
112504411
11260799
112814442
112987
1132654
1132654
113835136
11443916
114995627
115006
115118
11525401
115371033
115376172
115509140
115511
115546261
115607922
115646180
115704875
116996201
1172881
118015
118015
118183177
119087427
119110
119214
11928018
119305367
119890846
1199100
119915669
1199228
11xiao11
1200159a
120105602
120118281
1201203
12031203
1203350005
1205173958
120656387
120658
120658
120819467
120830
121212
1212134
121235
12125499
1213231
121517783
121624lhc
121745294
122000
122121
122516
12262086
122700a
122714
123000
1230123
1231001
123133
12321340
12322262
123256
123293799
123321235
1233287958
123333
123456
12345a
12351241
123519934
123520
123535363
123551794
123654
1236540lb
123659022
1236987
123711486
123963
123abc
124399433
124426
124471813
124718744
124744058
124989252
1249990909
125076501
125269713
1252989
125454222
125456515
125461262
125492137
1255320
125560
125626212
125680
125697066
125708
125974901
126598q
1270227653
127846
12784996
12909084
13006526
130200
13021516
130326
1306446
130946
131312
1313155
131366
1313qqq
131420
1314507
1314520
13145483
132300
132346
133442442
1343450
134555
13455855
1346532
13513968
135189
135246
1352777
135511
13565669
135689
135880
136457735
136789
137494342
137711960
137762674
1382084
1385490
139066
139066
13947469
139520
139788
14063597
141421
14169546
14215006
14466801
145051
145254188
147063138
1473289
147456
147512428
147741
148093221
148095802
149861511
149966254
150077289
150089
1517422
152002
152128
15226933
152645308
153301
15450742
154651391
155057621
15596619
15596619
156354
157264990
157762273
158215628
15841270
158522
158541581
158603685
158985251
159263
159630
15997982
160018
16141931
1616000
163488
16356924
164926038
165169485
165457718
167156
167167
168800
16921262
16963710
16964802
171493200
172188262
173328406
173449120
174434711
1744520
174498319
174839
174946486
17536949
176029986
178858540
179352164
181317378
181624250
181766019
18209635
182422349
182434239
182459167
182964
183187280
183608709
18403095
184319330
185516
185516
185831521
18584099
187008263
187029
188700944
18lou001
1914527
191991818
19341971
19430131
19491001
195869805
195957a
19671107
19700610
19720409
19740628
19741006
19751121
19760715zg
19770813
19770916
19771010
197722979
19780622
19780707
19781005
19781123
19781202
19790330
19790718
19791110
1979118
19791206
19791209
19791210
19791212
19791219
1979730
19800116
19800415
19800510
19800624
19800702
19800730
19800918
19801009
19801020
19801021
19801107wu
19801111
19801201
19801212
19801216
19801225
19801228
198024
19810123
19810124
19810127
19810223
19810223hy
19810425
19810505
19810519
19810520
19810522
19810615
19810622
19810626
19810719
19810809
19810820
19810821
19810823
19810827
19810901
19810907
19810911
19810917
19810918
19810930
19811009
19811016
19811017
19811018
19811020
19811022
19811025
19811031
19811104
19811116
19811125
19811130
19811205
19811215
198187
198188
19820102
19820108
19820120
19820124
19820206
19820216
19820225
19820305
19820313
19820315
19820322
19820329
19820410
19820417
19820419
19820522
19820526
19820609
19820615
19820622
19820623
19820627
19820629
19820713
19820717
19820720
19820727
19820812yy
19820813
19820816
19820818
19820906
19820909
19820919
19820920
19820922
19820929
19821001
19821003
19821012
19821015
19821015lp
19821016
19821018
19821020
19821024wk
19821030
19821109
19821110
19821116ny
19821117
19821121
19821123
19821125wy
19821126lh
19821129
1982117
19821201
19821206
19821209
19821210
19821211
19821212
19821214
19821218
19821225
19821226
19821226
19821227
19821230
1982124
198265
19830101
19830103
19830105
19830107
19830125
19830126
19830128
19830202
19830210
19830218
19830226
19830302
19830307
19830309
19830313
19830314
19830315
19830319
19830320
19830321
19830327
19830406
19830428
19830503
19830506
19830507
19830509
19830511
19830516
19830522
19830529
19830530
19830608
19830615
19830616
19830616zf
19830623
19830704
19830704t
19830710
19830715
19830723
19830805
19830806
19830809
19830816
19830819
19830824
19830827
19830829
19830902
19830905
19830913
19830914
19830916
19830921
19830922
19830924
19830928
19831007
19831011
19831013
19831015
19831021
19831024
19831025
19831030
19831031
19831105
19831107
19831108
19831109
19831111
19831112
19831114
19831115
19831116
19831124
19831126wf
19831127
19831128
19831129
19831130
19831202
19831203
19831206
19831207
19831209
19831210
19831211
19831212
19831213
19831222
19831223
19831226
19831227
19831230
19831230
19831231
198316
198346
1983502
1983616
19840102
19840106
19840108
19840112
19840117
19840122
19840126
19840127
19840205
19840209
19840209
19840210
19840210
19840217
19840225
19840229zx
19840306
19840310
19840311
19840312
19840312
19840319
19840321
19840321
19840323
19840324
19840328
19840330
19840402
19840403
19840403ly
19840410
19840414
19840415
19840424
19840426
19840502
19840504
19840511
19840518
19840521
19840522
19840525
19840525
19840526
19840527
19840604
19840607
19840607zc
19840608
19840610
19840615
19840618
19840621
19840627
19840630
19840703tx
19840706
19840712
19840714
19840715
19840716
19840718
19840720
19840721
19840724
19840726
19840801
19840807
19840816
19840819
19840821
19840901
19840924
19840927
19840929
19840930
19841001
19841002
19841004
19841007
19841007
19841009
19841012
19841014
19841015
19841017
19841019
19841020
19841021
19841024
19841025
19841102
19841103
19841104
19841107
19841108
19841111
19841112
19841117
19841119
19841120
19841124
19841125
19841126
19841127
19841130
19841201
19841210
19841211
19841212
19841218
19841225
19841226
19841227
19841231
1984612
1984829
198491
19850101
19850102
19850109
19850112
19850121
19850123
19850126
19850203
19850206
19850210
19850214
19850219
19850223
19850224
19850225
19850226
19850227
19850302ma
19850305
19850310
19850312
19850315
19850321
19850329
19850401
19850402
19850412
19850418
19850422
19850422ht
19850423
19850427
19850428
19850501
19850504
19850511
19850512
19850520
19850520xj
19850521
19850523
19850528
19850529
19850602
19850606
19850608
19850608py
19850611
19850616
19850617
19850619
19850621
19850630
19850703
19850704
19850707
19850708
19850710
19850710ds
19850715
19850718
19850723
19850725
19850806
19850812
19850816
19850818
19850821
19850823
19850823
19850824
19850827
19850903
19850904
19850909
19850911
19850918
19850922
19850926
19851002
19851008
19851010
19851012
19851014
19851016
19851018
19851020
19851021
19851022
19851025
19851026
19851028
19851029
19851031
19851106
19851111
19851114
19851115
19851119
19851119xt
19851120
19851120
19851121
19851121zx
19851122
19851125
19851126
19851127
19851128
1985116
1985116
19851204
19851205
19851206
19851209
19851211
19851212
19851213
19851214
19851216
19851216
19851217hc
19851221
19851227
19851227
19851228
19851230
19851231
1985314
198538
1985715
1985819
1985825
1985825
198588
1985907
19860101
19860102
19860103
19860108
19860110
19860116
19860119
19860120
19860120yy
19860122
19860123
19860125
19860126
19860129
19860131
19860204
19860206
19860209
19860210
19860212
19860213
19860214
19860222
19860225
19860228
19860308
19860309
19860311
19860312
19860315
19860319
19860321
19860322
19860324
19860325
19860402
19860406
19860407
19860408
19860410
19860411
19860412
19860414
19860416
19860419
19860427wb
19860428
19860430
19860501
19860507
19860513
19860518
19860520
19860523
19860524
19860526
19860601
19860604
19860606
19860607
19860608
19860609
19860610
19860613
19860616
19860621
19860623
19860628wh
19860701zf
19860705
19860710
19860712
19860713
19860715
19860718
19860726
19860803
19860804
19860804
19860806
19860807
19860808
19860815
19860816
19860822
19860827
19860828
19860830
19860901
19860902
19860906
19860909
19860910
19860911
19860913
19860916
19860917
19860919
19860920
19860920gl
19860921
19860922
19860924
19860925
19860929
19861006
19861007
19861010
19861011
19861012
19861013
1986101314
19861014
1986101413
19861015
19861020
19861023
19861024
19861024zl
19861026
19861028
19861029
19861030
19861101
19861103
19861105
19861106
19861107
19861109
19861110
19861112
19861116
19861117
19861120
19861122
19861125
19861126
19861127
19861202
19861203
19861205
19861208
19861210
19861215
19861216
19861220
19861221
19861222
19861223
19861223cy
19861224
19861227
19861229
19861230
19861231
1986128
198613adsq
198621
1986325
198634
1986514
1986529
198663
198666
198673
198686
198691
198701
19870107cy
19870112
19870118
19870119
19870120
19870121
19870125ww
19870126
19870128
19870129
19870131
19870201
19870202
19870204
19870207
19870208
19870212
19870214
19870215
19870217
19870219
19870220
19870222
19870222
19870223
19870302
19870304
19870304
19870306
19870308
19870309
19870309lh
19870310
19870310
19870313
19870316cs
19870323ma
19870328
19870329
19870329
19870329
19870401
19870401
19870401
19870403
19870404
19870404
19870409
19870414
19870416gt
19870418
19870418
19870418
19870418
19870419
19870425
19870427
19870429
19870502
19870504
19870505
19870509
19870509yh
19870511
19870512
19870514
19870516
19870518
19870519
19870520
19870522
19870524
19870526
19870529
19870530
19870602
19870603
19870609
19870611
19870614
19870616
19870618
19870621
19870622
19870623
19870623
19870624
19870624
19870626
19870627
19870628
19870629
19870629
19870629lm
19870630
19870703
19870706
19870707
19870707
19870709
19870712
19870713
19870716
19870716
19870716
19870720
19870723
19870723
19870724
19870724
19870725zq
19870726
19870726
19870726
19870728
19870729
19870801
19870801
19870802
19870803
19870804
19870806
19870807
19870808
19870808
19870810
19870812
19870814
19870814
19870816
19870819
19870823
19870823
19870824
19870826
19870827
19870829
19870829
19870902
19870905
19870909
19870911
19870911
19870920
19870921
19870925
19870925
19870928
19870930
19871001
19871005
19871007
19871008
19871008
19871008
19871010
19871013
19871015
19871015
19871016
19871021
19871024
19871026
19871027
19871027
19871029
19871031
19871101
19871102
19871102
19871106
19871107
19871107
19871107
19871108xw
19871109
19871112
19871113
19871114
19871114
19871118
19871120
19871120
19871121
19871122
19871123
19871125
19871127
19871130
198712
19871201hj
19871202
19871202
19871204
19871207
19871209
19871211
19871211
19871214
19871216
19871217zx
19871219
19871220
19871222
19871222
19871224
19871224
19871225
19871225
19871225
19871225
19871229
19871230
19871230
19871230
1987218
198723
1987417
1987423
1987430
1987430
198752
198755
198766
198771
19878441
1987929
198797
19880101
19880101
19880101
19880101
19880103
19880104
19880105
19880108
19880110
19880114
19880119
19880120
19880120
19880123
19880124
19880124
19880126
19880126
19880130
19880131
19880131
19880205
19880207
19880209
19880211
19880213
19880226
19880228
19880228
19880302
19880302
19880304
19880306
19880307
19880312
19880312
19880312xr
19880315
19880315
19880318
19880323
19880323
19880325ht
19880327
198804
19880405
19880410wt
19880412
19880413
19880416
19880418
19880419
19880421
19880424
19880426
19880426
19880426
19880428
19880428
19880429
19880429
19880501
19880501
19880502
19880506
19880508
19880513
19880516
19880524
19880528
19880529
19880529
19880601
19880601
19880601
19880603
19880606
19880606
19880610
19880611
19880611
19880619
19880620
19880620he
19880622
19880622
19880625
19880629
19880701
19880701
19880701
19880702
19880705
19880707
19880708ph
19880709
19880710
19880710
19880711
19880713
19880713
19880718
19880719
19880719
19880720wl
19880728
19880731ma
19880801
19880803
19880803
19880810mo
19880813
19880814
19880817
19880820
19880826
19880826
19880901
19880902
19880905
19880909
19880909
19880909
19880912
19880918
19880919
19880920xl
19880921
19880922
19880922
19880923
19881001
19881003
19881003
19881006
19881007
19881012
19881012
19881016
19881020
19881022
19881023
19881024
19881024
19881024
19881026
19881027
19881027
19881028
19881028
19881029
19881101
19881102
19881103
19881104
19881104lf
19881107zy
19881111
19881113
19881113
19881114
19881114
19881114
19881115
19881116
19881116
19881118
19881124
19881124
19881125
19881125
19881125
19881129
19881130
19881130
1988114
19881204
19881204
19881204
19881205
19881207
19881208xl
19881209
19881209
19881209
19881210
19881210
19881211
19881212
19881215
19881216
19881216
19881216
19881218
19881219
19881221
19881223
19881224
19881225
19881225
19881225ly
19881228
19881230
19881231
19881987
19881987
198841
198841
198842
198842
198862
1988620
1988622
1988715
19887290
198881
1988881129
1988910
19890102
19890103
19890104
19890109
19890109
19890111
19890119
19890120
19890122
19890124
19890125sw
19890126zp
19890131
19890203
19890204
19890205
19890207
19890211
19890212
19890214
19890214
19890214ly
19890218
19890223
19890225
19890226
19890313
19890314
19890321
19890327
19890401
19890401
19890410
19890411
19890412
19890412
19890417
19890422
19890423
19890429
19890429
19890504
19890504
19890514
19890515
19890515
19890517
19890518
19890529
19890529
19890530
19890605
19890609
19890612
19890612lu
19890614
19890621
19890624
19890628
19890629
19890706zc
19890708
19890708
19890714
19890714
19890714
19890715
19890715
19890720
19890722
19890801
19890801wu
19890805
19890807
19890807
19890809
19890811
19890819ty
19890820
19890822
19890825
19890830
19890905
19890909
19890910
19890910
19890911
19890921
19890924
19890925
19890929
19891003
19891005
19891007
19891010
19891010
19891012
19891015
19891015
19891017
19891018
19891018yy
19891019
19891019
19891020
19891020
19891020
19891024
19891029
19891029
19891030
19891030
19891031
19891031
19891031
19891031
19891102
19891104
19891105
19891106
19891106lk
19891108
19891109
19891109
19891110
19891110
19891111
19891114
19891116
19891118
19891122
19891124
19891125
19891125
19891126
19891127
19891129
19891129
19891130
19891130
19891202
19891203
19891203
19891203
19891205
19891205zj
19891213
19891214
19891214
19891217
19891218
1989122
19891220
19891220
19891220yp
19891221
19891222
19891223
19891226
1989126
198921
1989214
1989227
1989227
198923
198923
198926
198933
1989415
198951
19895177
1989518
1989525
1989623
198968
198968
198968
1989713
198976
198976
198976o
1989818
1989818
198991
1989926
1989927
19899qw
19899qw
19900101
19900115li
19900116
19900125
19900125
19900130
19900130tt
19900208
19900212
19900213
19900215
19900223
19900223
19900223
19900305
19900310
19900315
19900318
19900324
19900324
19900329
19900405
19900411
19900414
19900417
19900504
19900508zf
19900516
19900516
19900519
19900520
19900530
19900531
19900531zs
19900602
19900607
19900608
19900610
19900610
19900611sc
19900616
19900626
19900703
19900707
19900707
19900709
19900712
19900717
19900718
19900730
19900731
19900802
19900809
19900813
19900813
19900828
19900903
19900911
19900911
19900916
19900920
19900925cc
19900927
19900927
19901001
19901002
19901002
19901003
19901006
19901008
19901008
19901009
19901009
19901012
19901015
19901018
19901018
1990102
19901020
19901021
19901022
19901023
19901026
19901026
19901027
19901104
19901107
19901108
19901118
19901119
19901120
19901129
1990114
1990114
199012
19901202
19901209
19901211
19901212
19901212
19901213
19901215
19901215
19901228
19901228
199018
1990229
199029
199029
1990513
1990724
1990724
1990831
19910101
19910101
19910102
19910102
19910104
19910115
19910220
19910310
19910311
19910320
19910321
19910323
19910330
19910415
19910417
19910424yl
19910507
19910508
19910528
19910604
19910613
19910625
19910729
19910729
19910812
19910903
19911012
19911015
19911016
19911019
19911019
19911019
19911021
19911027
19911029
19911031
19911110
19911115
19911115
19911116
19911119li
19911124
19911129
19911214
19911217
1991123
1991123
1991729
1991819
199185
1991926
199193
19920102
19920103
19920122
19920128
19920222
19920304
19920326
19920412
19920414
19920503
19920508
19920508
19920508
19920511
19920513
19920515
19920603
19920623
19920708
19920803
19920805
19920813yi
19920901
19920906
19920911
19920914
19920925
19921001
19921003
19921016
19921021ma
19921027
19921029
19921104
19921105
19921113
19921128
19921203
19921203
19921205
19921205
19921213ye
19921220
199216
1992313
19930124
19930124
19930402cw
19930402cw
19930406
19930416
19930512
19930529
19930529
19930529
19930618
19930801
19930928
19931008
19931010
19931016xu
19931017
19931031zh
19931117zd
19931127
19931129
19931204
1993227
19940605
19940730
19941011
19941013
19941013
19941116
19941123
19941204
19950102
19950205lv
19950327qz
19950414
19950613
19950903lw
19951008yn
19951231
19960401
199680115
19hzy89
1a2b3c
1zengxi1
200000
20000834
200171
200171
2002030195
200211
200211
20021240
2002777
2002777
20033167
20033167
200342
20064037
200668
200668
200756
200846
20110068
20110068
201166
2022192
2022192
20239202
2029513
2030235
2034192
2038400
2043852
2051142
2051142
2052069
2052069
2070236
2070236
2087913
2087913
20908804
2092027
2097380
2097380
21008899
2101864
2106692
2107122
2107122
2110289
2112188
211314
211314
211314
2120784
212221
212221
2122630
2123662
2124145
2124430
2124611
2124611
2128125
21312511
21322yy
2134893
2141890
214649024
2152527
215356015
215417240
21584006
21584006
21626711
2163239
2165957
2185665
2202860
2202860
2203579
2210686
2211327
221310
2213264
2213680
2218513
2221005
2221335
22220825
22302263
223173
2233272
2235154
22361018
223725
2238390
224045
224045
224922
225159
225159
22576657
2260120
22636445
22700103
2270525
2270963
2273688
2273688
2274258
2287495
229111021
229183579
229372862
229372862
229467817
230125
2301553
2302045
2302344
2304922
2308727
231231
23123768
231350620
2315179
2315179
2315234
2315234
2318118
2319878
2321190
232353203
232590540
232590540
232606784
2329887
2331265
2332323
2333886
2343589
234400030
234400030
234437434
2344404
2351566
2351888
23521651
2355057
2356289
235975924
2360320
23617048
23617048
23634797
236404124
236404124
236496555
236496555
236767558
2367982
236875710
237015615
2373291
2373291
237878162
2380521
239804
24005012
24005012
2404586
240679145
24078148
2410486
241121
24113245
241351314
243094399
243094399
24501510
2453096
245331470
245331470
245994502
246437
246437
2464481
247847465
248246734
248246734
249349419
249349419
249392914
249482136
249599549
250076814
250088
25015745
250196461
250230
250480762
250532827
251052849
2511643
25132014
251601503
252134606
252134606
252150080
252463675
252774638
252796068
252796068
252800
2530615
25309289
253156010
253156010
2532159
2532159
253598010
2536067
2536067
253748767
253782022
2540229
254252995
254498788
25450484
25450484
254983766
25503669
2552160
25522830
25534438
2564943
2564943
25712929
25712929
258272225
2582917
258338288
258338288
25834875
25834875
25846948
258496390
2587758
2588495
2588495
25886271
25982355
2602904
2608145
261048296
26114435
2614022
2615636
2616620
261843320
261843320
2618812
261962468
2619735
2622482
2625787
2627687
2628161
262864820
2628981
2628981
2631234
263543791
263543791
263716910
2644642
2646155
2646155
2652011
2656258
2656258
2656355
2660237
266299
2662993
2664707
2664707
2669685
267411055
2679597
2680124
26806266
2682144
2685521qq
26864467
26889286
2690392
2690392
2695566
270030353
270265855
270265855
270306151
270714269
270714269
270977468
2710443
271130915
271130915
2712206
2712206
2714024
2714024
271657927
271749252
272071598
272071598
272250945
27225200
272592818
272929913
2731889
27331794
273666
273925818
274322633
274322633
274334421
27449747
27449747
275119031
2752982
2752982
2762629
276383832
276876287
27725928
27725928
278526239
27865842
278754145
2788632
278902985
279669869
279686605
27981028
27995562
27995562
280572576
280572576
280745188
281180040
281180040
281344007
281437487
2822436
2829086
2829395
2829492
2830858
283119193
283119193
2831510
2831510
2832907
2838179
284619679
284619679
28497560
285047828
285437730
285545109
2856567
285910884
285910884
286249368
2865436
2865436
286826292
2870620
287101046
287101046
287127500
287481712
28761540
288460
2890780
289104401
289420387
289533626
2895432
289684653
289893418
290154584
290295793
2906414
290905439
29103120
291164
29118509
2915505
29191323
292645369
2931723
2931723
294067186
2941298
2941873
2948748
2948839
2950340
2950340
295254473
295522287
2956456
2956456
29678701
297149976
297345191
297345191
297387005
297449011
298011082
29855435
2995634
30067365
30067365
3021480
302435
30270754
302911468
303339036
3035843
3035843
304120200
3041335
30443411
304675q
3051998
3055691
3058391
30599597
3060126
306062990
306062990
3061060
30644298
306551124
306615145
306615145
306888
306914522
306914522
307111316
3072516
30778398
308598997
308618123
3090588
309309
309557745
309557745
309612
309626
309905468
309970840
309970840
31015228
310826362
3110838
3112290
3113125
312030639
3120328
3121111
3121999
312242751
312242751
3122963
3124209
3124209
312513
312513
312711552
3130079
3130079
3130633
313138989
313138989
313276444
3132936
3132936
313460
313460
313502199
313528444
313528444
313581
3138129
313970024
314049605
314158514
314158514
3143022
3143022
314477239
3145870
314613029
3153132
3154354
315908
315908
3159633
31652187
3166037
316698619
316783812
316817495
316817495
3168329
316845548
316845548
3185283
3185283
3189049
319958
3200957
3206177
3206177
3207619
3209869
3209869
3210534
32115037
32115037
32115194
321321
321321321
3215331
3218093
32198516
3221809
3222136
3222876
3223795
3226655
32286442
3230478
3230630
3232553
3232623
3233502
3235924
32413931
3251779
3252845
3252845
3254817
325615066
325920
3260680
3260960
3260960
3263167
3263991
326423
3265022
3266353
3268768
3272429
327400510
327506535
327506535
327567750
327567750
3275890
327634522
3285554
328805761
3289484
329466166
329673343
329673343
3300836
330127cch
330127cch
3302589
3302589
330597768
33072599
3310126
3310126
3310265
3310265
331058879
331058879
33123336
331234
331234
331358466
331407727
331457116
331505
331549745
3315652
3315652
331936368
332064560
33207374
332098917
332154162
3322307
332390
332390
332405192
332509879
332526
332728578
332728578
332745499
332972599
3335940
3340775
334207376
334207376
3344520
334521
334622
334982558
335121572
335121572
3355869
33558826
3356273
3357085
3358363
3359395
3365520
3365520
336699
3376898
3379221
3379221
338372
3385027
339741486
33x9zq
3405068
340812
342084492
342241447
3425924
342691606
342691606
3433566
343766971
3439255
343996224
34416912
3446037
344858501
344878135
344967192
345250474
345250474
345268713
345686985
345989863
346437949
346437949
346450009
346461110
346461110
346804562
348307259
348307259
348541230
348622787
348622787
348755867
348959007
349149169
349149169
3492199
349578965
349701595
349701595
349745965
349745965
3498951
349980862
350436734
350436734
350628
3506883
350783
351200
3513649
3514648
351566867
3520055
352113354
3523909
3524013
3524013
352435682
3525145
35374485
3544782
355644504
355644504
3558779
3561265
356301314
3563020
356385442
356540
3566000
356615776
356672566
357184878
357274533
357764353
357981600
357981600
3580035
358050403
358531
3585761
3585761
358884562
358884562
3589418
359255811
359255811
359620621
359722588
360006055
360094819
36042600
36042600
360515177
3609830
361080967
36112700
361127599
361216771
361216771
361247581
3614087
3614087
361602212
3622251
362310388
3623530
3623530
36243352
3624864
3625324
362600
362699240
362699240
362708738
3630667
3631101
3631101
363660331
36371333
3637331
36374757
363779984
363926280
364009974
364009974
364272589
364455361
3646597
364709997
364711910
364963953
365044148
365047575
365047575
3650520
3652163
3653445
3653935
3656827
3658798
3658798
3660302
3660302
3663923
3676422
3677986x
3691288
369157560
369237353
369280514
369305164
369510565
369588
369606338
369693178
369766328
3698321
3698321
3698521
369a0258a0
370009591
371184588
371549938
371549938
371859633
372151475
3721597
372278617
372278617
372279725
373749280
373873643
3741399
3747216
375155218
375155218
375322
375582624
376085124
3761289
3761289
376459862
376655
376655
3771067
3771067
378832650
379313624
379373066
379449652
379574324
3800488
3810091
3810091
381204772
381204772
381608719
381608719
381632696
38168960
381861913
381861913
3822650
382280
382280
382462719
382541804
383261169
3832612
383488370
383611228
383611228
383669356
383669356
3838420
3847677
3851021
3855115
3856710
386246224
386246224
3863689
3886153
3886153
3886194
38862495
3889082
3889667
3889667
38w633
3901898
3901898
3910200
3916569
3922040
3925192
3928286
392978418
3932493
393471900
393471900
393964248
393964248
394511970
394693963
394757190
39481220
3950246
395321714
3953676
395389490
39556711
3961269
3966175
3966175
397351522
397659723
397841275
397841275
397908781
3980664
398626063
398626063
399620779
402296261
4024607
4026440aa
4027740
4031103
403214459
403214459
403259118
40338461
4038056
4038056
403875331
403875331
403925192
404025890
404170127
404214
40476978
40494576
40494576
405434474
405434474
406065114
4061990
40646281
40646281
406519184
406552452
4066238
40678696
40711009
407187168
407187168
4081237
408564890
408564890
4085922
408696860
408955400
409631355
409745980
409983025
410223
410630962
410859952
410859952
411045822
411045822
411213
411277
4113251
411327
411625688
411625688
411989262
412331512
412449453
412594240
412594240
412722762
412757151
412757151
412946999
413053915
4131276
4131276
413155627
413994656
414399889
414399889
41463425
414911224
41527806
415377276
415415
415715175
41573413
41573413
416065525
416445504
416445504
417062026
417062026
417277380
417747546
4179826
418521
418521
418693305
418693305
418833516
418833516
419210756
419210756
4193488
419508
41977151
419980515
420471026
4205220
420746318
4207581
421211060
421216621
421216621
421249115
421249115
421510521
4226708
422935707
4231282
423250460
4232718
4236090
4236994
4239121
42391577
424219
425131
425944
425944
4263953
4267064
42692790
4273390
42802631
4281534
4285225
428715
43101810
4315815
4320375
4321819
4321819
4326312
43287650
4330671
433122
4344188
434486255
434486255
4352031
4353613
435598112
435598112
43621210
4362477
43646082
43650897
438006048
438872812
4412162
4412162
4412476
441726640
441893739
441950525
4421716
442430785
442430785
442612096
442929861
442975376
442975376
443424484
4434732
44572765
445834330
446123571
446123571
446230752
4462541
446548823
44726243
447584024
447668
448059664
448059664
448291882
448463316
448477378
448480750
44900539
450077108
4502130
4502402
450534843
450659330
450954405
4511688
4515257
4515257
4515401
452231
452370
4524165
452935232
4531284
453746736
453872481
453898
4541512
4542692
454692415
454813603
455150971
455158418
4552241
455616452
455631283
455796182
455853061
455853061
456111
45614561
4561679
456301
456456a
45651100
45681656
4570933
4571308
457462536
457462536
4575111
4579163
458320355
4585120
45854909
45856516
458825542
4588496
45899102
459112400
459112400
459374122
459722502
459722502
46008790
4601802
4605337
460727868
460746319
460746319
461242697
461477089
461477089
461491202
461568933
461568933
461847062
462400988
4628810
4628810
463012674a
4631350
463208816
463208816
463990190
464010709
464013219
464013219
464138518
4641685
46450850
46450850
464636988
46469401
46469401
464744758
465291452
4653262
4653369
465543030
465543030
4655958
467285451
467285451
4681007
468141210
469156831
4692634
469267812
469267812
469716397
4698188
470338961
471125
471204442
4715585
472207793
472981763
4735576
4736590
474206618
475320282
47536841
475388506
47587152
476141554
476141554
476403622
476989072
476989072
4780054
48049420
4812785
48184992
48215035
4822446
48305052
4831820
4831820
4835519
48473241
48473241
4849148
48515881
4852823
4857829
4870025
4872603
4884688
48973703
490506
492411885
492568622
492568622
492895521
493329262
493671770
493671770
49442233
49516252
495235622
496464894
496464894
4966633
4969881
497194823
497194823
498370290
498370290
499586902
4q104q
4q104q
4x4x783
5000520
5000520
500306003
500500
501206186
501206186
501255
5014603
501770941
5020155
5027180
5027553
5028314
50296044
5032344
503469639
503694359
503992491
504499915
505002928
50515253
5051661
5052561
5053925
5056816
50608868
506795269
506795269
50701393
50701393
5070367
5071778
5076355
5080600
50862450
5087283
5087283
5087590
50876700
50954982
5102372
510488288
510520
510520
51109446
51109446
5112162
5112191
511572682
511572682
5119733
51202848
51211416
5122876
5128341
5129184
5132531
51332350
513471
513712
513712
51391376
5142316
5142316
514247943
514572674
5146516
515061914
5152557
515412646
515412646
51545443
5160170
5163603
516386582
517070624
517213
517761742
518000
5185686
5186150
5187hehe
518959
5191981
52001314
5201314
5201314
5201314
5201314
5201314
5201314
5201314
5201314
5201314
520131411
5201314258
5201314lp
52014455
5202377
520300
520421
520521sss
52055520
52089913
521010
5212861
5213669
521420
5214415
5214466
5214986
5214986
521589
521636
521636
5219965
5220261
5221178
522129372
522129372
522204829
5222599
5222816
5226592
5226596
5227206
5227710
5231333
5232066
5232066
52368569
524117941
524117941
524149914
5242287
52512550
5251662
5256185
5262320
526451
5265506
52658583
52718588
527352068
5277121
52773433
5289463
5295112
5295112
529846264
529846264
52991897
52991897
52qq1314
530065685
5309616
5309962
530999909
5311468
531238
531258
5312604
5313122
531354355
531619710
531619710
5321594
5322904
532503
5325332
532906489
5335466
534052078
534389770
534389770
534921
534921
53523101
53523101
53542306
5363227
536336
5365267
53654448
5367586
536793118
536793118
53875643
540260550
54110582
541240521
541240521
541638176
542019
5421456
5421669
5421724
5422096
54221625
542501488
5430032
5431055
5431055
5434541
544352806
544490597
544490597
54480974
54480974
5451138
54518210
545886312
545886312
54614824
54638194
546611299
547121914
547121914
54771089
5477535
547813658
547813658
54787094
5481655
5481655
54855898
5487447
5495656
54963157
549692430
54qiang
5502488
5503591
5503966
5503966
550412343
550412343
55059906
5512272
5514165
5515212
5515866
55165716
55165716
5522048
5525226
5526933
552826
5530455
5531277
5533141
5533141
553772553
554354224
55448330
55448330
5548688
5549001
5549865
5549865
5550223
5551544
5552842
55577789
5561602
5561861
5561950
5563053
5566526
5569926
5571618
55750191
55750191
55810622
55810622
55813061
5582233
5582349
5586331
5586331
55886430
5589949
5592490
5592490
56002293
56002293
5601751
5601823
5602328
5604165
5604165
56116102
5612155
5618726
562105922
562105922
562345321
5626544
562677219a
5629034
563045202
563065781
563065781
56341670
56341670
563646048
563646048
5638231
563907
564308356
564308356
564311451
564335
564916624
5649335
565220326
5653080
5654636
56555455
56555455
56565200
56565200
5661647
56691102
5671166
5676651
5678040
5680585
5680910
5685996
568714530
56873420
56873420
569498533
569498533
5695963
569800
5698932
5708268
5719142652
5720749
573225187
573225187
57342887
5736207
574816740
574816740
574862174
574862207
574956271
575103731
575512071
575512071
575958852
5760005
57663920
576765
5768080
57683736
5773591
578068251
57839200
5784690
5784690
57890400
5792752
5804587
5810375
5811321
5812127
5812127
5816059
5820335
582127251
582127251
582186754
582686
5829123
582917520
582917520
5830319
583710686
58399044
584145239
584201314
584201314
584636899
584697
58493357
5850288
5850998
5853210
5853210
58535703
58535703
58535703
58535703
585426
585426
58609276
5867074
5868619
5878538
5882312
5884351
5890766
5896099
5912769
5919049
592205509
59336356
59336356
5938857
594240
5944008
594494239
594494239
5945022
594991682
594991682
595028495
595028495
595543235
5959418
59657760
59657760
59701392
597115661
597864767
597864767
59823539
5985301
5987859
59892901
598933871
5991395
5991983
599211345
59992190
600613
601553791
601553791
6016395
6023168
602384841
602611956
6028426
602863019
602863019
6032003
6035149
605118433
605118433
6053596
6060322
6070340
6072620
6074458
6074458
6088585
6089365
610997469
610997469
61187584
61187584
6124379
6124382
612911
6137815
6139985
6140016
6140016
6141228
6160685
616146161
616146161
617134395
61755605
6177744
6185187
619119107
619119107
6201826
62053097
620610
62068038
6212693
6213588
6216562
6219110
6220287
6220496
6220496
6221410
6221528
6221993
6221993
6223363
622651
6227163
6230225
6231936
6234278
62343783
6236120
62362517
623720
625287003
6257430
6261575
6263212
626326183
6263663
6264689
6267841
62686499
6269406
6277182
6281395
62845896
6293963
6309915
6315811
6321124
6321346
6322721
6330439
63349266aq
63359224
6336227asd
6336229
634102452
634102452
634176126
634325125
63435665
63483303
635385180
635385180
63551107
6362100
63637442
63664258
6367246
6368350
6395935
6402383
6406200
641166680
641213
6412225
6413669
641869769
64191084
6426099
642755046
642755046
64292355
64430761
644487740
644487740
644651532
644651532
64479517
644957677
64523147
64523147
646043747
646835411
64760233
647855866
648819
649064
649064
649873348
65007228
6501323
6501323
6511566
65115729
65115729
6512824
651458121
651458121
6523299
6523299
6526053
6526053
6526249
6528895
6530599
6531774
65320852
65362430
65423422
654321987
6544844
654520
654521
6545498
654849123
654849123
65502805
6552354
65533484
65537271
6556465
65591397
65603129
656495351
65650068
65657021
65657021
6566417
6566417
65716648
6580870
65872723
6589198
65986361
66012134
6602785
6602785
6606651
66088908
66088908
6610888
6611888
6616544
66200898
6623174
662331
6626125
663141
663488
66374176
6641648
664334578
664334578
664699
664934203
6656359aaa
66620411
66623747
6665521
6665636
6665692
6674579
66822849
6684319
6685692
668599
6692323
669352512
6698291
6698291
6698646
670173230
67112959
6723288
6726687
6731201
6735033
67369827
67373668
6760125
6760819
67700150
67753737
67753737
6800106
680123
681203
6813967
6814479
6816992
68200112
6821253
68212760
6822486
68225281
6822816
6825607
68263309
6830020
683080
683080
6833156
68368asd
68464981
68518142
6862097
6862097
6863051
68725507
68725507
6894821
6896298
6910646
6912543
6917835
6919839
6919839
6930544
6936231
69404003
6955180
6960564
6962355
6962355
69676414
69676414
6983717
700220
7013888
7019533
7022322
702310125
702310125
7025960
7030106
7043808
7053160
705877790
705877790
70621082
7062540
706353050
706353050
707780507
707839108
707839108
710113108
710113108
710246932
710329048
710329048
710514647
710514647
7123481
7123481
7136100
7136100
71439162
71439162
715141187
7154500
715708508
7165188
719213
7210569
7212291
721231
7215237
721615
721615
721664549
721826
7220082
7220119
7220533
7223886
7224356
7225289
723327
7234075
7238024
7255099
726252
7262613
7273358
7273358
7286216
729438
7295643
7295643
7302255
730424
730425
730813
730826
7316080
7318591
7327983
7341254
7354817
735895249
735895249
7376696
7377739
741002
741018
741114
744795025
745614347
745614347
745669068
745669068
74578934
7469117
7469117
7478346
748991423
7500136
750420
750818
750829
7508571
750913
751023
751023
7510980
7510980
751125
751226
751881755
752016421
752016421
75263563
7526581
75292875
7532159
75401020
7545156
754998980
754998980
7552403
755904950
7570563
757909924
757909924
758300
7584206
75869051
76020202
760414
760511
760511
760713
760817
761019995
761214
761214
7613511
7613511
76190517
762170639
7635108
7635160
765430
765665854
765884577
7660379
76613376
7671397
7675696
7684941
76856152
76856152
76867825
76867825
76898163
76898163
76908110
76908110
76950498
76950498
769796123
76986490
76986490
770108
770125
770303
770403
770708
770826
770928
771102
771202
7713733
7714396
7716656
7716656
7724930
772815
77364306
7740798
7746859
7747307
7747307
775627425
7758521q
776487511
776487511
7780711
7789733
7790598
779421273
7796353
780206
780213
780221
780312
780321
780321
780405
780413
780429
780504
780512
780529
780613
780617
780617
780617
780622
780624
780628
780718
780725
780730
780805
780823
7808636
780918
781002
781026
781032370
7810757
781103
781122
781124
781202
781207
781210
781231
7830032
7831198
7840374
7840374
78409057
78410693
784115151
784115151
7842097
7842185
7842185
78425589
784533
7851107
7855638
7859586
7860568
7861275
7864205
7864668
7871398
7875888
7878439
787885214
78842485
788546
7891418
7898585
790105
790205
790208
790302
790427
790504
790509
790510
790510
790510
790514gw
790601
790602
790618
790704
790704
790710
790722
790827
790830
791010
791012
791017
791108
791113
791120
791121
791123
791128
791220
791222
7920877
7932462
7932462
793784622
793784622
79555885
79564041
7963369
798270664
798524613
79921204
79921204
799736810
799736810
7daytime
800123
800202
800204
800207
800210
800215
800216
800224
800224
800225
800226
800410
800410
800410
800420
800427
800428
800505
800510hk
800512
800523
800526
800527
800614
800710
800714
800811
800816ydw
800819hxb
800827
800827
800830
800909fb
800912
800914
800918
801012
801018
801021
801021
801027
801031
801031
801031
801031
80110403
80110403
801113
801114
801117
801121
801122
801123zx
801205
801205
801206
801209
801212
801218
801218gl
801230
8043180
8048201
8058575
8060399
807519709
8087465
80905889
80952884
809880844
810128
810212bxl
810314
8103150
8103246
810401
810418
810425
810429
810429
810509
810514
8105885
810608
810614
810708
810709
810718
810718
810719gdh
810727
810831
810924
811001
811002
811004
811023
811024
811025
811029
811031
811102
811103
811104
811105zy
811109
811116
811124
811127
811201
811207
811209
811209
811211
811211
811213
811213
811227
81125634
8112570
8115234
811742599
81191864
81191864
8124455
8124455
812625
8138106
814916
815220
8153608
81763050
817718
81789505
81811232
819055581
819294984
820101
820112zyt
820122
820202
820204
820206
820216
820219sc
820222
820227
820227hjz
820304
820310
820316
820320
820330
820417912
820417912
820426
820427
820428
820428
8204984
820514
820525
820526
820615
820625
820710
820715
820727
820811
820818
820826
820904
820921li
820926
820926
820929
8209309
821001
821010
821010
821014
821014
821014
821015
821017
821019
821019
821023
821023
821101
821103
821104
821109
821110rw
821118
821125
821204
821205
821216
82122145
8213681
8223805
8223805
8224658
8225156
822663
822663
8228788
8229909
8229909
82322158
8232320
82328661
82351851
82351851
8235640
823890835
8239151
8244785
8246610
82498299
82500543
82500543
8251982
82531259
82531259
8257539
8257539
8266250
8266290
8267556
82711320
8271446
82746479
82746479
827575107
82805938
82830269
82830269
828480
82887176
8289303
8292478
8295409
830110
830124
830124
83014382
830210
830212
830215
830216
830226
83027812
830324
830324
830324
830324
830327
830330lj
830404
830425
830430cyc
830513
830526
830529
830529
830601bin
830606
830614
830615
830619
830619
83068474
830714
830719
830801
830812
830816
830816
830816
830821
830826
830905
830905
830906
830915
830929
830930
831006
831010
831013
831013
831013
831017
831024
831024
831024
831027sf
831029
831110xue
831115
831118
831124ren
831125
831125
831125
831125
831125
831127
831130
831130
831204
831205
831205
8312063
831207
831212
831213
831223
831223
8316308
8320678
83294760
83294760
8330159
8336115
8336360
83898557
8390592
839168
840104
840105
840107
840111
840118
840120
840123
840127fgl
840127men
840208
840210
840216
840218
840302
840304
840304
840309
840312lxh
840314wd
840408
840430
840508ss
840514
84059934
840613
840614
840621
840622
840626
840630
840704
840705
840715
840718
840718
840720
840720
840723rd
840808
840808
840808
840809
840813
840816
840821
840830
840920
840922
840922
840925
841001
841006
841013
841014
841014
841016
841017
841026
841026
841027
841029
841101
841102
841106
841108
841117
841117
841122
841124
841124
841124
841124
841125
841201
841204
841204
841204
841204
841208
841211
841211
841211
841213
841225
841225
841225
8414811
843150
8431795
84320123
8432659
844853827
8451955
84519790
845377
84569800
84631294
8463525
84676799
8470744
8470744
8471234
847360337
847360337
847700654
848200
84822644
8484217
84862252
84881880
84884430
8488556
8489021
849112
849112
8494767
8494767
8500291
850103
850113xc
850130
850209fzr
850212
850215
850217
850222
850223
850308ht
850323
850328
850406
850407
850413
850420
850422
850422
850612
850613
850618
850618
850621
850622
850623
850626
850627
850629xl
850718
850725
850725
850725
850727
850807
850810
850810
850810
850816
850816
850822
850824
850830
850830
850913
850917
850917
851003
851003zww
851004
851006
851009
851013
851016
851017py
851017py
851021
851025
851025
851029
851029
851029
851031
851106
851108
851109
851110
851111
851114
851116
851117
851118
851126
851202
851202
851202
851202
851206
851212
851213
851213
851213
851213689
851215
851215
851216
851218
851218
851219
851219
851219yy
851219zdc
851228
851230
8512968
85132830
8513950
8525673
85257613
8528921
85322139
8539549
854075352
854075352
85459036
8559019
8559019
85595400
85605641
8562101
85683168
857285225
8574968
858023
858144
858144
8585012
8585954
8585954
8586342
8586674
85872528
858842456
858889
860108
860120
860125
860125
860126
860214
860223
860311
860313
860314
860314
860317
860318jb
860320zb
860322
860323
860410
860415
860417
860502
860524
8606147
860712scw
860726
860814
860819
860826
860827
8608888
860905
860918
860930
861010
861010
861016
861016
861022
861022
861025
861026
861027
861030
861110
861113
861117
861119
861124
861124
861124zh
861127
861130
861203hw
861210
861210
861212
861221
861226
861234
8615128
8615760
8616779
86173113
86195470
8619672
8619886
86221599
86221599
86224736
86240521
86240521
86249110
86249110
86253424
86306652
8633213
86353517
86372682
8638353
8650805
8650805
8661828
8663288
8666501
8677003
86781258
8682882
8682933
86863721
86863721
86865952
8691911
869199
86922796
86948088
86948088
8697919
86lisong
870102
870106
870111
870119
87012110
870131
870194712
870194712
870194712
870211
870212
870212
870214
870215
870220
870223
870229
8702500wc
870301lxy
870303
870310
870318
870319
870320
870326
870327
870417dc
870422zfs
870520
870524
870526
870529
870531
870603
870629
870629
870716
870727
870801
870802
870806
870813
870828
870831
870903
870912
870918pmj
870924
870925zjx
871001
871014lh
871020
871023
871023
871026
871026
871027
871028
871102
871104
871106
871107
871112
871113
871120
871120
871121
871124
871126dc
871128
871129
871129
871129
871129
871130
871208
871210
871215
871217
871219
871220
871222
871229
8715000
8718289
872087
87223351
872238
872738381
87319673
8733520
87424264
87424264
8742440
87492928
87499740
8750393
8751154
8755221
8759904
87652549
87652549
8786915
87897016
87928615
880101
880108
880110
880114cao
880120
880121
880124
880131
880206
880214
880217
880220
880223
880223
880223
880226
880226
880227
880228
880312
880313
880315
880423
880423
88047592
880504
880508
880513
880521
88056678
8805711
880609
880611
880616
880616
880618
880618
880623
880710
880714
880714
880714
880714lhl
880725
880809
880817
880818
880819
880820
880822
880901
880908
880909
880911
880911
880914
880919
880920
880927smh
880928
881004
881004
881010
881010
881010
881010
881012qlz
881013ww
881016
881017
881018
881019swt
881022
881024
881024
881024
881024
881024
881026
881028
881030
881031clz
881101cy
881103
881114
881116
881119
881121
881121
881122
881122jkx
881124
881125zhw
881126
881126
881126
881126
881127
881127
881128
881128
881128wyw
8811701
881201
881201
881202
881202
881202
881209
881209
881209
881211
881214
881214
881215
881219
881219
881226
881229
8812563
88148198
8817626
8817626
8821272
8821272
8821328
8821580
8827255
8829647
8832106
8833580
8845488
8847762
8848025
88495717
88501377
88510040
885156
8853849w
8855647
8857695
8858aa
88590987
88593623
886200
8870053
8872483
8872659
88775328
8878787
8879780
8879780
8879972
8882266
8887681
888912
8890887
889750
890101
890106
890116zcz
890117
890118zlz
890119
890120
890124
890130
890130
890201fc
890207
890209
890215jy
890217
890312
890323
890329
890406
890410
890412
890421zxc
890504
890514
890514wsz
890517
890518
890521
890530
890601
890606
890606
890607
890608
890611
890706yj
890713
890713
890713
890718
890725
890808
890810
890813wql
890814
890816
890820
890822
890826
890829
890829
890905
890909
890911
891010
891012
891013
891017wzc
891018
891018
891026
891029
891031
891102
891111
891112
891113
891115
891117
891130ldc
891203
891212
891216
891217
891221
891221
891225
891227
891227
891227
891231xzl
89140516
89140516
8922915
8924926
8925561
8926115
89268451
89272099
892774
892774
89280083
892944972
892944972
8935696
8935696
89359100
8936356
89516124
8953718
895403
8955862
8956215
8956215
8956570
8956588
8956588
895725872
895725872
8963098
8963098
89650704
896534704
8977550
89775868
8981546
8983779
8986481
898971
8990169
8995032
8995032
8wan1984
900101
900103
900107
900109
900110
900110
900111
900115han
900120
900211
900213
900219
900324
900327
900327lmy
900329
900401
900407
900415
900415
900415
900428
900504
900511
900524cs
900526
900529
900601
900605
900612
900612
900616
900714xl
900718
900801
900801
900831
900902ccl
900915
900915
900915
900921
901006
901010
901014
901015
901017
901017
901025
901025
90102805a
901030
901119yyh
901123
901128
901130
901208xzc
901213
901228
901228
901231
903018104
903366
904603121
905250
908757725
908757725
910130
910202lsw
910212
910212
910221
910223
910305
910312
910316
910405
910604
910610
910613
910622bao
910629
910724
910729
910812
910818
911020
911025zx
911123
911123
911210
911210
911926
915065021
9157346
916600
918weiao
918weiao
920126
920207jxj
920212zlc
920305yj
920320
920320lqx
920428
920428
920622
920624
920929
921028
921111
921114
921211
921211
921211
9230597
92335bd
9293885
9293885
930325
930612gq
93079797
93079797
931212
93825865
93825865
940190581
940190581
940508
941102
941102
94112015
94112015
941129
941129
941352681
941352681
942817
945098
949661952
949661952
950627cq
95143424
954123
95467237
95611070
95611070
95688813
95688928
95809830
960507
960611
961024
962464
963497
965281648
965653
970618
971104
971300
98043909
9807520
981012
98104951
98521609
986104
987645
990130
990212
99101691
99101691
992051
99248836
99440882
998832
9990082812
99932632
9999689
99aini21
9vzhouwei
a0101011
a10181988
a1302499
a165103a
a1985921
a1990104
a19921029b
a19950124
a2062637
a2155131
a252944984
a258804
a2640209
a2783721
a280219012
a290026770
a2939925
a2windy2a
a303539160
a304481414
a305192464
a312050023
a3202127
a32107
a32107
a3231375
a3345306
a3454696a
a351256
a356717564
a3583172
a365757144
a3813253
a3861278
a3a3a3
a4125720
a421510
a4220356
a4348500
a4420450
a470241282
a497066984
a4985526
a5127012
a5233452
a5266250
a5295053
a5354564
a543611
a5538022
a5538591
a56065177
a5651042
a569121954
a58585216
a5920217
a5951123
a5958334
a5958334
a5963922
a5982581
a59860073
a5988576
a6271500
a6316311
a6353608
a64237064
a64237064
a64580957
a64582512
a6637010
a67806335
a6863178
a70801850
a7115610
a715722489
a7415263
a7452528
a7597759
a76184963
a769438015
a7695644
a775478750
a7758520
a781645610
a78523a
a791644
a7942505
a8231685
a8331430
a8384835
a841914
a8456845
a8498190
a8517090
a8536226
a8585085
a86510335
a8720089
a8742436
a8751956
a8824010
a8868928
a8868928
a8877879
a88988229
a924110
a95270
a9n6u2c7
a9w8b4p9
aa060101
aa1234568
aa23554
aa3352686
aa5088232
aa5902411
aaa3661576
aaa51771
aaa5353
ab1226
aba556
abc871114
abc871114
abcd1994
absent112
ad00199
ad00199
adam5713
adamlv1222
adooo817
aed1984
ahyuyi0130
ai1300
ai19900310
aigof969
ainishiw
aituhan
aixi119
aixinxin1
aiyan1314
aiyejiejie
algx0403
algx0403
alonghrb
alonghrb
altse123
amwftbhame
amwskff9
an19890407
anan007
andawei
andrew
andrew
andriy221
andy1977
andyyzz37
anfuyang
anfuyang
angel0314
angelhoud
angrysky
anhongjin
anhongjin
aning82
anjinchi
anning
anxin0422
anxin5210
anzilie123
aosi5450
appletree
aquan8u8
archer712
as1025
as2783346
as59661435
as6425209
as6631778
as6685400
as99879
as99879
asas1q1q
asd0451
asd104
asd1232589
asd1590842
asd3200889
asd4262234
asd5631995
asd8578857
asd983322
asdasd
asqpbhu123
asqpbhu123
aug12345
av2008212
ax860910
axi1249
az28245
azhonghe
azqazq
azx2010
b1394485
b1394485
babarun129
badboyplay
baibai
baibai525
baijunxi
baijunxi
baiyanhui1
baiyf123
baiyun89
baiyun89
banbenyi
bang1016
bangke
bank007
bank007
bao801128
baohui1982
baojian
baoming
baoxiao11
baoxiao123
baoyang
baoyuhao
baozi168
bat2207
bb19821122
bb19821122
bb880528
bbc1984
bbc1984
bblovezhu
bbs6211645
bch820220
beck0912
beck0912
ben627
benett15
bestlove
bffnyga
bffnyga
bfr1201
bh881117
biancl1982
bianfang
bianfang
bianfhvk
biggie
biggie
bijianhua
bijiewei
bijiewei
bin870811
binbin0104
binga123
binga123
binghowe
bjf1102
bjyangzi2
bluesoft
bluewings
bluewings
bm0626
bn920418
bohu5566
bradpitt
bradpitt
bright49
bsy0510
bubai18
bwq9049
bxgfenix
by861114
byy19900918
c19911005
c3z2x00wc
c4499410
c49828
c619613822
c6552662
c6689543
c6960945
cai19870906
caihui123
caijie
caijie
caijie
caijie1987
caijun
caijun0815
caijun1989
cailei
cailei
caiqq2002
caiqq2002
caixiaojie
caixinkai
caiyunbiao
cao123
cao1984
cao1989
cao960708
caochao
caochao
caochao
caojie
caok860205
caokun1990
caolei1983
caorui123
caoxi85518
caoxi85518
caoxin1990
caoyang
caoyang
caoyue1990
caozhanfei
cat172624
cathin
cb19901214
cbf19910506
cbn840529
cbw850527
cbw850527
cc19831010
cc19880723
cc19890117
cc19901227
cc19940412
cc881023
cc890923
ccaixx1314
ccaixx1314
cccp1982
cck19960329
ccvv111
ccx841010
cd900116
cdd19911105
cdw3423
cdw3423
cegated
cf19871016
cf19871212
cf19891106
cfgrout
cfvcyclone
cg19910123
cgd811031
cgw19871113
cgy19931118
ch101900
ch1028
ch19830724
ch19881218
cha9988
chai1988
chailei
chaiyu
chaiyu
changhai
changhai
changhai
changhao
changhao
changsong
chao1016
chao1016
chao1016
chao1016
chao1105
chao1128
chaozi
chdl1990
che871127
chekeyi
chekeyi
chen0122
chen0223
chen0406
chen0527
chen1004
chen1004
chen1028
chen1117
chen1201
chen1984
chen1984
chen1986
chen1987
chen1988
chen1989
chen1989
chen1990
chen1990
chen6901
chen750504
chen750504
chen881025
chen900213
chen920821
chenbo0102
chenchao
chenda0814
chending
chendj28
chendong
chendu123
chendubin
chenen
cheng123
cheng1230
cheng12321
cheng1986
cheng1986
cheng1989
cheng520
chengcheng
chengfan
chenghy
chenghy
chengqi123
chenguang
chenguang
chenguang
chenjian
chenjian
chenjian
chenjian
chenjian
chenjianwu
chenjiaqi
chenjiaqi
chenjixin
chenjun
chenkai
chenkan
chenkan
chenkang20
chenkang20
chenkun809
chenli0805
chenlong
chenming
chenming
chenminjun
chenp9999
chenp9999
chenpeng
chenpeng
chenping
chenqi
chenqi
chenqi123
chenqi123
chenqiming
chenqiming
chenqin
chenqin
chenrui
chentao
chentao
chenwei
chenwei
chenxi1123
chenxiang
chenxiao
chenxin
chenxu0628
chenxu1989
chenxy1
chenyang
chenyao
chenyixin
chenzf123
chenzh1989
chenzhen
chenzhijie
chenziyue
cheyun
cheyun
chh0115
chi881208
chiminji
chins001
chinxl1200
chinxl1200
chl861022
chrno888
chs19940426
chuang1984
chuhao0628
chuliang
chuliang
chuzhenyu
chuzhenyu
chz911014
cicocm
cicocm
cilo0952
citiz0724
citiz0724
cj19881005
cj6386065
cj800317
cjb0204
cjf723
cjj1988
cjj891213
cjl19880902
cjl19890122
cjp19950615
cjx970107
ck19891206
ckf1986
ckf1986
ckf1986
ckf9783589
cl1126
cl820405
cl920217
claud123
claud123
cm19821204
cmg19850911
cmh5566
cml861013
cmsh0602
cmw770928
cmystc
cmystc
cnc1112
cnc1112
comicer
cong0825
congchao
conghao126
conghao126
congzai
cool517
cool517
cool517
coolong
coolyw
cp19911009
cp821202
cp910111
cpf236000
cpu07cpu
cqwangpei
cqwangpei
cqxy20041
cr1123
cr851230
cry19921209
cs1997
csf211289
csl19921021
cstrike
csx198900
csy940325
csz327
ctx1123
ctx1123
cui0823
cui1984
cui19890719
cui2965113
cuibinwu
cuibinwu
cuiguang
cuiguang
cuiguang
cuijin86
cuilu1230
cuiyao
cuizhen123
cw19891231
cw791230
cwb19901001
cwg19930503
cwl2009
cwr961010
cwx860215
cwy19930719
cx19841018
cx19870915
cx19890720
cx19900908
cx38514
cx617cx
cx6363663
cxc19940913
cxh7262963
cxhily
cxhily
cxlcxl
cxt900327
cxw19771108
cxw891216
cxy950216
cxzas000
cy1129124
cy19860914
cy19910125
cy19911210
cy2531651
cy821010
cy881110
cy941217
cyf0722
cyf1028
cyf19901205
cyf1991
cyf1991
cyf1991
cyh2568
cyl0324
cyl19851225
cyl6447540
cyl861206
cylycy
cyy910320
cz19881104
cz19940202
cz5313002
cz770618
cz850930
cz860104
cz861029
czj1125
czj19921225
czk1988
czl19890223
czq123
czw352201
czw890916
czy03403
czz890704
d10415
d11871
d11871
d313402610
d3217289
d51709941
d56448583
d67829722
d8412247
daguo0002
dai19860815
dai890317
dai910512
daibing
daihao
daihao0212
dandan
daniel016
dark1213
darkness
darkness
darksword0
darksword0
dasuzai
datong000
dave1226
david001
davids08
daxia228
dayashitou
daza5201
daza5201
db880719
dc19900628
dc851202
dcp19920606
dcrwj1985
dd19890821
ddg124
ddg124
ddidia
ddoat8312
ddoat8312
dec1221
declare
ded97505
demon888
deng0621
deng1985
deng1985
deng871020
dengfei
dengfei
dengjun
dengjun
denglei123
dengliang
dengyi
deoan100o
dfc941220
dgh911116
dgt19890203
dhf850129
dhf850129
dhf850129
dhg1990
dhp19821116
dhp871021
dhq1983
dhw861210
diablo
diablo
diablo
diablo
diablo
diamond
diamond
didiao
ding132
ding1990
dingguowu
dingjibin
dingning
dingquan
dingquan
dj870204
djb820928
djchaser
djchaser
djm1984
djmouse
djmouse
djw1023
djy19830523
djzsz7788
dk19930511
dkasd123
dkdk1226
dkny5987
dl19860601
dl5219063
dlzs0875
dml840513
dmq19920903
dn19860127
donald
donald
dong612
dong8898
dongbin
dongbin
dongbin
dongbin123
dongkang
dongkang
dongkang
dongli2429
dongliang
dongshuo
dongshuo
dongshuo
dongsikai
dongsikai
dongxin
dongyulong
dongzhexu
dongzhexu
douq1987
douya0401
dq19911230
dqy3695360
ds1987
ds19890125
ds3116168
dsewrygtt
dsk19890803
dsl840214
dsldsl
dsx19910328
dsx19950107
dsxdsx
dsxdsx
dt19890404
dtl1108
du19890828
duan0130
duan1982
duanmeng
duanxi
duanxi
duanyu0010
duchao
duchao
duck007
dufangwei1
dufangwei1
duhangyu
duhao1211
duhao1211
duhuan0756
duhui1
dukeliu83
dumao1996
duxiang
duxiang
dw240516
dw5491336
dwc141122
dwf820314
dwj1014
dwj1986
dx62587565
dx831205
dxb025
dxd840204
dxq888
dxr19910417
dxy1988
dxy941205
dy19880312
dy19901001
dy2260212
dy841109
dyhc1986
dyhc1986
dyhc1986
dyhj1994
dyhj1994
dyp800611
dys1992
dyz931030
dzl1024
dzm891120
dzp840115
dzy19881211
eastwdy
eastwdy
edgar1
edison
edison
edison
edison520
electime
electime
elroy999
elroy999
enrun1988
etuo110
evan514
ewq6553838
f0rest
f65656567
f84745439
fan820527
fan840204
fang0811
fang880501
fanganwei
fangfang
fangleping
fangleping
fangshuai
fangyuewen
fangzhan
fangzhan
fanhua1986
fanjie1230
fankwu
fankwu
fanshiqing
fantasy
fantasy
fanwenli
fanwenli
fanwenli
fanxin1213
fanxin6630
fanxuechao
fanyi520
fanzhen88
fanzhengxu
fanzhi1988
fbnqsl
fc0327bj
fc0523
fc19890301
fcc19911019
fcll12345
fcz88668
fd2624819
fdh1984
feather
feather
feeling
fei5365419
fei5365419
feifei3
feifei3
feilr99
feilr99
feiyu1982
feiyuehua
feng1105
feng1105
feng1984
feng198686
feng1989
feng1992
feng346
feng346
feng520627
fengbo1994
fenghe
fenghuan
fengjun
fengjun
fengke123
fengqin
fengxiao
fengxinwei
fengyanbo
fengyiff8
fengyun
fengz1213
fh890123
fhj198725
fifa4000
fish0829
fj3344
fjc0608
fjj1990
fk1983
fll880206
fmx19891226
foxzz81
fpx0630
fpx0630
fq19880411
fq1991
frankfu
frankie
free3rhrne
freebird10
freeze
fs1211
fs19890428
fsc2896711
fsy911108
ft1223ccc
ft1223ccc
ft19950216
ft9684514
fu4013
fu820902
fufeng123
fuguilong1
fuhua1980
fujing
fujing
fuqiang
fuqiang
fuqiang
fuxj86
fuxueyu
fuyifan
fx19851209
fx19860111
fx811121
fxl1988
fxy920920
fy19810608
fyb890421
fyc19840202
fyf1994
fyx1984
fzm19890530
fzw19931002
g2665757
g2bkylin
g3250005
g3250005
gagaga
galerain
ganxiaomin
gao0114
gao4757533
gao820203
gao910929
gaobo1202
gaobo371
gaochao
gaojian533
gaojinjun
gaojinjun
gaojun
gaoke0319
gaoke0319
gaoke0319
gaoliang
gaoqiang
gaoqiang
gaoqiang
gaoshan
gaoweibin
gaoxiaoyu
gaoxiaoyu
gaoyan
gaoyang
gaoyang
gaoying685
gaoyu0905
gaoyuan133
gavinliu
gbh4171029
gby860103
gc891030
gc901230
gcg0311
gch621
gch621
gcm139588
geiwodd01
geiwodd01
genius
genius
genius
genius
genius7
genius7
geniuses
gepeng1987
geyufei622
gf860529
gfwy2003
ggmmqq123
gh054211
gh19800201
ghbn384597
ghjq963
ghostboy
ghoul0240
ghy1992
gitigm81
gjf19851212
gjh19891123
gjj900729
gjml14hao
gjp19901012
gl19861211
gl19861211
gl720308
gl891204
glh911028
gmh198394
gmj901219
gmk1987
gmyptl
gmyptl
gn841124
godvt520
golden
golden
gongteng
gpq8023
gq19850107
grave28
grave28
grh19890129
grubby33
gsj19870417
gsy840110
gt1988
gu19900818
guang1984
guansheng
guansheng
guanxin
guanyifu12
guanyifu12
guhuayu
gui0407
guijiawen
guijunhua
guijunhua
guiyan
guiyan
gujunpan
gujunpan
gundam2598
gundamd123
guo00007
guo0916
guo1987411
guo1988
guo1989
guo5210666
guobao
guobao
guodianj
guoguo
guohao1024
guohelun
guohelun
guojian
guokeyue
guol1981
guoming
guoqian
guoqian
guosong811
guowei
guowei
guoyafei
guoyafei
guozihan
guxing
guxing
gw931016
gwb871217
gwj811108
gwl1989
gxd19891221
gy19790727
gy19890224
gy19910516
gyh072508
gyj0307
gym880929
gz19870114
gzchao11
h27385381
h2mxinjie
h344349769
h900213
haha6553
hahaha
hahaha
haibang37
hailong
hailong
hailong
hailong163
haiqi0109
haiyang
haiyang
haiyou1027
han19870813
han1989
han1xue2
han417
hanbing
handong
handong
hanfeng
hang1987
hanhao
hanhao
hanhao
hanhui
hanjian
hanjian
hanjian
hanjian
hank924
hanming
hanqin
hanshuai
hantishoy
hanwei
hanyu1987
hanzhuoran
hao12hao
hao19950329
haobo2311
haocheng
haocheng
haojunjie
haolin123
haomin1989
haorongjia
haorongjia
haorongjia
haoxiang
haozidodo
happi99
happy895
hb19871107
hb880322
hbb5656
hbb5656
hbh123
hbhsxsh
hbjltter
hbl880322
hby112233
hc1984
hc1984
hcg870331
hcj880318
hcj901121
hck0916
hcl1221
hcl1314521
hcw19890131
hcx921219
hdcopy
hdcopy
hdh1017
he19880123
he19890202
he900214
heaven365
heaven365
heaven68
heaven68
hebiao
hebiao
hebiao
hefei580
hejiajia
hejie1987
hejufeng
hejun321ok
helang
helang
helang
helinpo
hema123
henry8793
hepeng1986
hermit8140
heweicheng
hexiang123
hexiaolong
hexiaolong
hexing1989
hexuejiang
hexuejiang
heyao1988
heyu1992
hezhiwen
hezhiwen
hf19891030
hfwfq123
hfwfq123
hg19830802
hg19901207
hgl891111
hgl891111
hgx300
hh001001
hh19880622
hhb19880618
hht880827
hhy1987
hhyyhh
hilljj
hilljj
hj19841125
hj19860331
hj19890504
hj860306
hj900520
hj940227
hjcyi1122
hjdai123
hjf1220
hjj870101
hjm1977
hjr861208
hjw19870921
hjw750113
hjy1989
hk19890905
hk890828
hk900526
hkh921225
hks800424
hkx960124
hky125742
hky1991
hky1991
hl1989
hl4858904
hl7211018
hl9892146
hlq920115
hlt5632147
hm19930712
hm8657036
hm881102
hmd880217
hmily90511
hmt19910924
hmx19870510
hmx19911211
holy649
hong800912
honghe888
hongwenjun
hongwenjun
hony0716
houfei
houqijing
houshijun
houshijun
houzhe
hp010406
hp19890627
hq060208
hq0901
hq19850529
hq19870807
hq19891208
hqj1012
hqk0904
hqm1028
hrj1987
hrj1987
hrj941119
hrr890623
hs19910313
hs812123
hs880901
hsb1989
hsc1987
hsc1987
hsh123
hsl198902
hsl198902
hsl1990
hsq19930513
hsq19930830
hst19881204
hsy16007
hsy16007
hsy910626
hsy910626
htea1981
hth0623
hu12388
hu19861205
hu312326
hu790226
huafeng
huahua123
huahui1224
huang0105
huang0163
huang0207
huang1016
huang1016
huang1986
huang1990
huang458
huangbin
huangcan
huanghao
huanghu
huanghu
huangjie
huangjie
huangjin
huangjin
huangkanan
huanglei
huangmin
huangnan
huangpan
huangpan
huangpan
huangpeng
huangr0415
huangrui
huangwei
huangwei
huangxi
huangxi
huangyan
huangzheng
huaonan
huaxiang
hucgcyt
huchen123
hufeng1987
hufeng1987
hugang1989
hugang1989
huhantao
huhao090
huhuan
huhuan
huhuan
huhui85119
hujian123
hujian123
hujiaqiang
hujiaqiang
hujing1987
hujinyi520
hujiulin
huojian123
huqiao1989
huqixian
hushuda
hushuda
huxi1221
huxi1221
huxiao
huxinhui
huyanxi
huyasong
huyi0313
huyong
huyu500
huyue0708
huyue1990
huyue1990
huzhenhua
huzi104124
hw1116
hw19871028
hwg19851128
hwz821201
hx19880316
hx19910115
hx810211
hxb880610
hxc19890214
hxf800610
hxf880520
hxg19850124
hxh1986
hxh880819
hxm1119
hxy809181
hxz5542
hxz5542
hy051423
hy19791022
hy19880926
hy19890526
hy4858063
hy861214
hy870708
hyb19871229
hyb19920726
hyg891228
hyh900722
hyl1991
hyq1988
hyt111hyt
hyt1982
hyw1992
hyw1992
hyx831030
hyxiejf
hyz1986
hz1987311
hzfggg
hzh3125826
hzk931218
hzm1990
hzq881024
hzr861021
hzsw0311
idqq520
ijustlook
ijustlook
ilovehxd
iloveyouq4
internet
island
iso8888
iso8888
iugh1987
ivanniel
ivanniel
j280031551
j3389586
jacilyjong
jack00
jack00
jack215215
jackie
jackie
jacky873
jackychan1
jackychan1
james924
jancher
jane86422
jasonc23
jasonc23
jay900401
jayce1217
jazzkk
jb810928
jb810928
jc2819745
jc2819745
jeason
jeason
jeffrey
jeffrey
jerome
jesonken
jf6827160
jgy780315
jh19870901
jhf19880423
jht1987814
jia19900106
jia7814205
jia880102
jiaji0823
jiajie
jiajie
jiajun
jiak159681
jiakun0126
jialin
jiamu123
jian1984
jian1984
jian1984
jian1987
jianan
jianch
jiang1011
jiang1129
jiang123
jiang1982
jiang1989
jiang1990
jiang52951
jiang89125
jiangchao
jiangct1
jiangfei
jiangfeng
jiangjun
jiangming
jiangsheng
jiangtao
jiangwei
jiangxb123
jiangxi
jiangxu
jiangyuek4
jiangzhi
jianhua105
jianming
jiaojian
jiaolong
jiaoyifeng
jiapeng123
jiashuai
jiasibo
jiawei0510
jiawei520
jiaxi1013
jiazhen
jichen
jie5216601
jie920312
jieshu27
jiewang
jifthy2345
jihua1984
jihuji
jijiajie84
jim2006
jimmy1120
jimmywwt
jin19871017
jin810612
jin870201
jin900425
jinbao1987
jinchao
jincun1988
jinduliang
jing0923
jingsai
jingzhe
jinhua1986
jinke1984
jinpeng
jinqian123
jinshangxi
jinxuanyu
jinzefeng
jinzhihai
jiro1972
jisheng
jisuanji
jiya1987
jiyabo
jiyanlong
jj0401
jj0401
jj19850806
jj19891105
jj19891105
jj65497601
jjhqw1211
jjj0728
jjk168
jjs19890504
jjw198778
jjx750810
jk821228
jk871128
jk881229
jkx960421
jlc900428
jlc930731
jlj0423
jluhkyij
jmazl1314
jmh0301
jmmlwj
joby1010
jockey5533
joey61
jojaajj
jojo1272
jonathan
jornny1633
jp1023
jq19910104
jrd19900817
js19871106
jsjjyjy
jsk19880817
jsw860703
jt19880531
jty1124
jueduei
jueduei
jumpskip
jun19860316
jun3223258
junhao20
junwei
jw19830309
jx19890620
jxd921227
jxf0723
jxf1985
jxpxxmqb
jxpxxmqb
jxx19891011
jxy890415
jy02701407
jy03824476
jy19930705
jy512806
jyb19850729
jyc0821
jyj646365
jyw19901018
jyzbf88
jyzbf88
jz880828
jzf1991
jzq19910216
k24615
k5655923
k5823955
k62cjx
kaga1412
kaifeng
kaifeng
kaile1985
kaiqiang
kaka12300
kama41
kama41
kang0208
kang1982
kang1982
kangbin
kangbo568
kangbo568
kangchenxi
kangqing
kangta7741
kangta7741
kao9989
kaven1128
kdz19951005
ke19901231
ke5755360
keeper
keke1992
ken7feng
kenbad1983
kenyon
kerorozsl
kevin838
kevinhao
kevinxucn
keyinan
keyinan
kfc920108
kfwginui
kfwginui
kgdihss
kgdjgdbj
kh19860210
kick341010
killua500
king0820
king123
kj19880309
kjb881215
kk2jj2kk
kk2jj2kk
kk81081231
kkandkk1
kkepwq
kkkkkgo
kkkkkgo
kklucy
klh0527
knic1999
kong0412
kong1978
konglei
konglin
kongming
kte1990
kuangzi2
kx19870607
kx19940101
ky19901205
kyj910720
kyoab888
kyoab888
kzbin512
kzz850902
l12271009
l342488460
l345681278
l53645560
l761989433
la1988724
lai1992
lai900620
laihaiwen
lamey3460
lampard
lan123
lan124
lang0415
lang0415
lang287641
lanke1989
lanlei1989
lanmao83
lanxue0095
lanxue0095
laogai
laohuqian
laop062130
lazy1234
lb19871204
lb871005
lbc831010
lbs1944
lby0727
lby880109
lc0219
lc1025
lc1025
lc1983
lc19891126
lc19891212
lc19891218
lc19910215
lc820713
lch1987
lcy0225
lcy891010
lcykk2008
lcz861016
ld1121
ld1987
ld19880612
ldh891105
ldk941126
ldq1989
ldq19900209
lds123
ldw1987
ldy901215
leeyue123
lei3785570
leichuwen
leichuwen
leichuwen
leihong
leihong
leijia3201
leilei4511
leili0359
leixin5566
lengquan00
lengxiang
lengxiang
lengyan
leo102519
leon1987
leslie75
letian21
lex991981
leyc1104
lf19910218
lf2007
lfh19870128
lfw901013
lfy890222
lgm19920421
lgq1982
lgq19861106
lgw19820204
lh19890207
lh19900802
lh860418
lhb123
lhlgtx
lhlgtx
lhnm1013
lhr1223
lhw19851117
lhx900121
lhylove123
li053200
li053200
li12393584
li1984
li19851011
li19870228
li19870312
li19870524
li19870525
li19871025
li19890916
li1990
li19910222
li19911218
li19911218
li19921010
li19921021
li19921226
li19960102
li3588066
li4413
li4413
li781228
li850416
li851130
li87724490
li87901
liaihu7
lian3215
liang1987
liang567
liang567
liangfei
lianglong
liangyeaa
liangyeaa
lianrui911
libin1987
libowen
libowen
libowen
lichen
lichen
lichen0327
lichen0327
lichuang
lichuang
lichuang
lichun1989
lichuncan
lichuncan
lichunmei
lichunmei
licp1990
lidan1986
lidan1988
lidaning
lidaning
lidazhou
lidehua
lidong
lidong
lifeng
ligang123
ligaolin
ligaolin
ligaolin
ligongshun
liguofu
liguofu
lihaihao
lihan1991
lihanqin1
lihuan
liji2008
liji2008
lijialin
lijialin90
lijian
lijian0125
lijian0125
lijian1989
lijiannan
lijie1010
lijie1208
lijing
lijing
lijingjun
lijingli
lijiwu1996
lijun0903
lijun1213
lijun1213
likaifang
likerui
likerui
lilac7414
lilaiqun
lilaiqun
lile0401
lilihua
lilihua
liluohou
liming1985
limingcai
limingcai
lin1210
lin1987
lin1987
lin198942
lin1990
lin820605
lin840126
lin880113
lin901125
linarry
linbainian
lincan126
lincoln
linfei
linfen
lingfeng
lingjie2
lingxiao
lingxiao
linhaifeng
linhong123
lining
lining
lining
linjianhou
linliang
linlibang
linlibang
linlijian
linlin1986
linqam
linqiang
linqiang
linqiang
linqiaobin
linsen
linsen
lintao
linxiao
linxin11
linxin123
linyan1981
linyinlong
linyinlong
linyu0219
linyunfei
linzhenyu
linzhenyu
linzhi
lion1998
lion1998
lion2008
lion2008
liou0805
lip1983
lipeng1986
lipeng1986
liping
liqi1987
liqiang
liqiang
liqiang123
liqiao123
liqinghe
liqinlin
liquan716
lirn0422
lirui1125
lirui1983
lishiji
lishijia
lishijia
lishu00
lishu00
lishuai123
lishuang
lisong
lisq870622
lit890423
litian
litonghe
liu1016
liu1414174
liu1986
liu19891016
liu19921109
liu6983973
liu731128
liu7518781
liu831210
liu900202
liu900805
liu901225
liu931122
liu931122
liubao0624
liubin
liubin
liubin1988
liubin506
liuchao
liuchaowu
liuchenqi
liuchuang
liuchuang
liucong
liucong
liucong
liucong55
liudan264
liufei123
liufeng
liugaowei
liuge076
liuhanwei
liuhao
liuhao1988
liuhao1992
liuhaoyu
liujia1985
liujian
liujiang
liujie
liujunjie
liukai2012
liukun0414
liulei
liulei203
liuliang
liulinlu
liulinlu
liulongfei
liuluok
liuluok
liupeng
liupengsos
liuqi0625
liuqichao
liushaohu1
liushengli
liushengli
liushuai
liusijia
liusijia
liutao123
liutao410
liutianyu1
liuwei1012
liuwei1987
liuwu1988
liuxiao
liuxin
liuxin
liuxinglei
liuxinglei
liuxun
liuyan222
liuyang
liuyang
liuyang
liuyang128
liuyao
liuyi2
liuyu889
liuyunfei
liuyunfei
liuze1989
liuzhaoxu
liuzhe123
liuzhe123
liwei1026
liwei4631
liweijia
liweijia
liwenjie
liwentao
liwujie118
lixi1993
lixian
lixiang
lixiang
lixiang
lixianjun2
lixianjun2
lixianming
lixiaofeng
lixin111
lixing509
lixu1990
lixudong
lixuefeng
lixun1989
liyang0525
liyang0530
liyang1221
liyang1987
liyao0924
liye1027
liyi1215
liyin80
liyuan
liyuan123
liyuliny
liyun1984
liyunfei
liyunpeng
lizenghui3
lizengtao
lizhe1992
lizhenting
lizhenyu
lizhi1118
lizhi218
lizhibin
lizhiqiang
lizhu1984
lizirui
lizirui
lizirui
lj19880502
lj19890414
lj19910127
lj19951230
lj860726
lj900814
ljb1119
ljf820916
ljfdir
ljfdir
ljh189
ljh880320
ljh901012
ljj0210
ljl19881218
ljl19890525
ljm1987
ljt19920701
ljw19910520
ljw811228
ljx1209
ljy1028
ljy19920403
ljy861129
ljylmqqw
lk1986
lk19890813
lk1990216
lk870630
lk940201
lkl7788520
lkm0926
lkui890511
ll19880407
ll19900901
ll22142312
ll900214
llc930629
llfleo
llfleo
llj1986
llr930426
lly512
lly830329
llz1991
llzzmm
lm1985117
lm19861021
lm900918
lmf19881020
lming87615
lmj880501
lml1125
lmm901212
lms1006
lms1006
lmwsml
lmwsml
ln1987
lo16888
lokboy
lokboy
lonay821
long1014
long1103
long1988
long1988
long1988
long1988
long1988
long331021
longyan
lonis21
lostlove26
loujijun
louyang
love4z
love4z
loveahu258
loveahu258
lovemyth
lovemyth
loverli
lovey5211
lp19880121
lpf198565
lpf198565
lpf942214
lpx900113
lq19870206
lq1989813
lqc0508
lqc1211
lqh900625
lqk123
lqll6760
lqs1989
lqw1115
lr19800215
lrd19930102
ls19781105
ls1982
ls19920214
ls8268462
lsc0780
lsigjusdof
lsj19891216
lsj900827
lsl0320
lsm9923
lsw19890606
lsw881030
lsy931224
lsyhlh
lt19890928
lt7623886
lts0107
ltt110
ltx890323
ltx890323
lty841006
lty910827
lu327813
lu408820
luaihua
luaihua
luaihua
luchao1120
luchenkai1
lucie523
ludaai12
ludaqian
ludaqian
luhanqin
luhanqin
luhua1989
lujun314
lukang
lukang
lukeqi
lukeqi
lukeqi
luo1347
luo1988
luo1988
luo890409
luobw1992
luojian
luojie27
luojie27
luokai
luokunqi
luokunqi
luominglei
luominglei
luonan123
luosen2
luowei
luowei123
luran1990
luruizehao
lutu1277
luwei1984
luxiao
luxiaoming
luxiaotian
luyisen123
luyue914
luyufeng
lvjie1992
lvjing1122
lvyifeng
lw19891031
lw19891218
lw19900415
lw19941209
lw5715698
lw850406
lw890812
lwc0810
lwj1988
lwj8611
lwj8611
lwq900923
lwqlwq
lwy900410
lx1020
lx19881015
lx1988314
lx19920514
lx19941026
lx6050090
lx850310
lx850310
lx850310
lx880814
lx890303
lxc1988
lxh118
lxj900715
lxl88125
lxl900629
lxl900629
lxs1984
lxt821208
lxx1983
lxy19900216
lxy880617
lxy911127
lxyadmin
ly121365
ly19840622
ly19860417
ly19871004
ly19881219
ly19910530
ly203344
ly6216966
ly7745611
ly821028
ly841026
ly870211
ly870526
ly936238
lyan1230
lyc198304
lyc198304
lyc19831024
lyc19850207
lyc19880427
lyc19900203
lyc880117
lyc891228
lycyong
lycyong
lyh1031
lyh891124
lyj0315
lyj19860906
lyj890220
lyk1990
lyl0428
lyl820816
lyl900824
lyl900824
lyq1986
lyq2kyx
lyq851203
lyq880216
lys1024
lys1024
lyt1990
lyt870423
lyx19871030
lyx870413
lyx891219
lyz121111
lyz6332969
lz19830808
lz19840218
lz19841025
lz1986728
lz1986728
lz19870613
lz1990
lz2610961
lzc861117
lzc861117
lzd0613
lzf861216
lzl19880110
lzl890320
lzp86511
lzq841010
lzq88523
lzq900803
lzq900803
lzr821012
lzt1986
lzt860926
lzt920211
lzw851113
lzw901217
lzx19881124
lzx880327
lzy19891121
lzy5554
lzy820613
lzy880805
lzy_0715
lzy_0715
lzy_0715
lzz1990605
lzz19911216
m2126920
ma19890221
ma901125
mabinimaha
machao0903
maco1985
madehua
maggic3719
maggie
mahualin
maihai123
maihai123
majianmin
majiawei
majun1982
makai911
makai911
makun1982
maliang
malong1991
man0909
man0909
mandylcy
mantou521
manutd13
maodao
maodao
maomao1
maomxy001
maowei
maqiang
maqiang
maqin0602
marbury333
martin1985
martin1985
maruiwen
mascot
matianli
mawei0321
mawenjia
mawenjia
maxaaa6654
maxiao
maxiao
maxiao
maxiao
maxiao1101
maxiao123
maxinwen
maxinwen
mayijun
mayijun
mayue1986
mayunfeng
mayunfeng
mazhipeng
mazhipeng
mazhixiao
mbh19881112
mbs19870522
mc19890114
mc880206
mdjlhz83
mdjlhz83
mdm0219
mdw0628
mdw0628
meili1314
meili333
meiyou121
Memory
mengmeng09
mengyuan
merci1231
mermaid
mermaid
mfz1014
mh821127
mhh860621
mhp2g007
mhy19880722
miangder
miangder
miao880303
miao901022
miaotou
miaowei231
miaowei231
mib1987
mifeng1989
mike230823
minglei
minglei
minglei
minglong78
mingqi
mingquan11
Mirandy987
missing
missing
mj19861123
mj19920221
mj3828769
mjm19941112
mjshwy1991
mjw891120
mjy19910128
mjy881016
ml198682
ml19880922
ml2552446
ml521521
ml521521
mm19860825
mmm1986910
mo0000021
mobin1994
monsoon
monsoon
moxiaozhu
moyixin1
mp1224
mp210054
mpf2005
mq19851127
mq19901003
mqy870109
msj0567
msj0567
msj1987
msw19881212
mufuqiang
mumubears
mw19850810
mwb870904
mx19930520
mxc851021
mxm198061
mxm198061
mxm5925
mxm880826
mxp19890216
mxt1990
mxt1990
mxt1990
my19861113
my81273
myb871210
myc123
myc3720
mydears
mydears
myj36331
myj840504
myl891127
mylove521a
mz821121
nan1029
nancycy
nanhaixing
nanhaixing
nash6wei
nazi1987
nbazhao123
nc55722566
nemo848
nero475860
netgirl001
netgirl001
newworld
newworld
nhl791117
nian520
nian900327
nichuang
nicjay
nicjay
nidapeng
nideren
nielin520
niesy0225
nikai1988
nike171530
ningzeng
niu1020
niuben016
niuyunfei
niuyunfei
niuyunfei
njf841114
nkdyj4917
nkdyj4917
nn4115303
nsr781014
nt8944
nxp890712
nzl1017
o2jamcool
odin2000
ok7147
ok7147
okok117
oneyu123
oop1387
open2020
ordss123
ou19890318
oull1981
oull1981
owen123
oxh1981
oxygen
oxygen
oyhl1988
oyhl1988
oyhl1988
oyhl1988
p65171851
pan19840331
pan880922
panda8989
pangshuxin
panhao0806
panjian
panjunxi
panjunxi
panpppoe3
panpppoe3
pantao
pantao
pantie
pantie
pantie
panyubin
pcg5341268
pcqbd007
pdm2509
peijian1
pel821013
peng901107
pengwei123
pengyu1989
pengzhe123
pfq1993
pgh881101
pgj19871225
pgm1989
phoenix
phoenix
phoenix
phoenix11
pigeon9007
pikachu
pikachu
ping0903
ping1983
piren1988
pjj811213
pjs910509
pjy2801050
pk321300
pko2417
pko2417
pl830516
plko998899
pls123
pluto2506
poilk0
poqweirut
poseidon
powerming
powerming
powolf1988
pp1209
pphbb4025
ppoo1112
ppoo1112
ppoo1112
ppqqpqqp
ppyyffye
pq8925525
psj19870527
psx228
pujian
pw19830218
pwc0320
pxc781010
pz19930611
q0a0z0
q101824
q1202615
q123456
q2225151
q26571577
q3225456
q3249332
q3308456
q3308456
q3308456
q3615135
q383401555
q420745624
q4563719
q458438q
q495548237
q562829
q58717362
q6603653
q66130620
q681251021
q789456q7
q81235251
q8232362
q82469137
q8249620
q84785729
qaz6899231
qaz6899231
qb661828
qbb850722
qd19871225
qetuoqetuo
qew521
qfy1234
qi19861106
qi19940310
qian1990
qian1992
qianjianuo
qianjianuo
qianjunjie
qianke12
qianman
qianman520
qianxinai
qiao810224
qiaoenle
qiaoliang
qiaoliang
qiaoliang
qiaopan
qiaozhi
qihangyi
qijunbin
qile2003
qilinwen
qinhaoran
qinkai
qinshuai
qinshuai
qiu1990
qiushi1987
qiuxi1986
qiuyang920
qj19881010
qj661202
qjf0206
qjh2528
qk19871230
qk831117
qkrejrgh
ql19941116
qlx530
qlx530
qm19891029
qp21012qp
qp21012qp
qp7597291
qpt19901011
qq0025
qq0025
qq113254
qq123e
qq123e
qq2336856
qq26323649
qq2685380
qq292096
qq4646530
qq495123
qq52100
qq52100
qq5306
qq530xxx
qq53377928
qq5892325
qq76845996
qq7741548
qq78553754
qq830821
qq85223784
qq87911649
qq8944318
qq89757
qqcqqc
qqw333
qqww112200
qsdb0117
qu77449
quaresma
quaresma
quchangan
quchangan
quchao163
qujian
qujian
qujian
qujinqi
qupengdong
qupengdong
quyang
quyang
qw19870101
qw2531482
qw85660
qw89as56
qwa521
qwe48633
qweqwe
qweqwe0
qwqeqr
qwqeqr
qwqw0578
qwqw0578
qx19850102
qx19850102
qx19890117
qxz881218
qxz881218
qyb1988
qym821928
qyt0804
qyzking888
qyzking888
qzh19880304
qzw19850923
rabbitsky
radish
ranmutto
ranmutto
ranpeng
rc19921124
rcq920512
renjie1986
renjinbiao
renjinbiao
renpengbo
renren135
renshuai
renyuan990
Rester
rhy1224
ripvtfl
riverhorse
rl001201
rlaychan
robin9898
ronglimeng
ronglimeng
ronkey
ronkey
rp0115
rs19850213
rt881128
ruanyang
rui19910707
ruipeng110
ruipeng110
ruiweikang
rukawa11s
rundll32
runrun0727
ruofanqq
rxq1985
s1973900
s28315765
s3351631
s6433313
sa34567
sa34567
sabbath812
sabina199
sada123213
saij0261
sakula
sakula
sakura
sakura
sam123
sandf855
sangxueli
sangxueli
sangxueli
sangyujie
sanmao
sansanling
sansanling
savage
sb19910430
sb810221
sb880204
sbbukn
sbbukn
sbchp800
sbchp800
sbdgv520
sbitxgy
sbjatkthh
sbxklq
sbxklq
sc19910815
scg1028
scleefgg
scleefgg
scw1984
scw1984
scy920
sd1121265
sd19920228
sd2121189
sd2422153
sd2783577
sd5364093
sd5456552
sd7162404
sd831216
sdh880209
sdsxsdsx
sdvsdv
sdvsdv
sdwsqq121
seecat
seecat
semoo1982
sf901018
sg19821117
sg1991
sg790215
sgao1990
sghxt1
sh1995
sh582405
shang0617
shangrui
shangrui
shanshenh
shao1985
shao1985
shao1986
shao198966
shao2012
shaoshuai
shaoshuai
shaoyangyi
shaoye
shaoye
shashadiai
shaw11
shawen1989
shawen1989
shelixin
shelixin
shen1213
shen1223
shen1988
sheng127
shengbin
shenjie@
shenjm123
shenshuai
shgsunny
shi1985
shi1987
shibenyi
shihad
shihui1990
shijia
shijie
shilei
shilei
shilei0127
shiliang
shiming
shinan1995
shingo
shiquan123
shitianqi
shitou1104
shiwei
shiwei
shiwei
shixiang
shiy1989
shiyajunbj
shiyang09
shiyu1987
shiyuhao
shq19840901
shu1989
shuaihan
shuhan123
shuimaa
shujie0204
shuwei87
shwsx143
sihua88
silent
simxinzi
simxinzi
sina.com
single323
sintear
sion123
sitaier660
sitaier660
siwei1982
siyu1666
siyunlong
siyunlong
sj1230123
sj19841212
sjq780801
sjs0626
sjw850825
sjy1983
sjy940910
sk1979
sk520kj
sk520kj
skf890901
skpainian
skpainian
sky891231
sl19840308
sl19881117
sl1ang
sl910321
slc0709
slshilei09
slx19871211
smkk9920
sml123
sml19900505
smx880510
smxzzb
snrdcwy
snynirrk
soldier
solo345
solo345
song0705
song1124
song1987
songbin15
songbin15
songji
songjian
songjiayue
songxiang
songxiang
songxiao
songyajun
songyang
songyang
songye624
songyuan
songzhi11
sossos223
spc19770502
spezialk
spider
spider
springscxb
sq197971
sq5130608
sq901112
sq910817
sqm1207
squall
squall
squell2
squell2
sqx951116
ss1026
ss120921
ss19891210
ss521110
ss772082
sscsdx
ssl880511
ssm6448
ssqsfi
ssqsfi
sss007ll13
sss030
ssx0222
ssy930104
stao115211
starbit
steve88888
stn911
stop1980
strong
strong
sudujie
sudujie
sueayyay
suhang
sui19891123
suideren
suideren
suikai123
suiyushun
suke101
suke101
sukebao
sukebao
summer
sun0106
sun0371
sun1129
sun19821224
sun1985
sun229
sun229655
sun229655
sun3663682
sun44711
sun870529
sun890622
sun890622
sun929
sun_2599
sun_2599
sunbin
sunchao
sungl123
sunhuayu
sunhuayu
sunjinchen
sunlei1991
sunny321
sunnywong
sunpengfei
sunshine
sunshine
sunshixin
sunsiping
sunsiping
suntao123
sunweiwei
sunxiang12
sunxuezhi
sunyajie
sunyi0808
sunyi0818
sunyue0629
sunyunlong
sunzhigang
suteng1990
suyang
suzuki2777
sw19860326
sw3331313
sw750403
swl890511
swy19901106
sx0sx0
sx1205
sx19881129
sx19950202
sxh159753
sxq831216
sxr840330
sxr840330
sy1985
sy19880111
sy881231
sy890215
syc199025
syc199025
syc1991
syh19860501
sylpha1226
sylpha1226
sys1990
syun602188
syun602188
syw1990
syy19871208
syz810521
syz881108
syzt1977
szc1987
szg870727
szx1994106
t770770770
taeguang
talent
talent
tan911221
tandong
tandong
tandong
tanfei
tang136626
tang632057
tangfeng
tanghui401
tangjie
tanglong
tangming
tangtundan
tangwei621
tangxuan17
tangxuan17
tangyang
tanhai
tanhai
tanhai
tanjingkai
tanjingkai
tanjingkai
taolei
taolei
taoning
taoxueyuan
taozitmzs
tcl910709
tcsp86
tcx901123
td840705
teng1985
teng1985
teng1993
teng920808
tengfei
tgw1020
th1990
thomas
thunder
thw1229
thxsrthxsr
tian1107
tian1115
tian1987
tianbb1021
tiancheng
tiandawei
tianfei
tianhe119
tianmaohao
tianshihe
tianshiwen
tianwei
tianxin
tianye1124
tianye1989
tingwang
tino1210
titanlee
titanlee
tiyang123
tj19891116
tj2080
tjh19880209
tjh19900801
tjj0324
tjk6511902
tjwys1994
tjy880705
tjy880705
tkx19941206
tl19881010
tld19880607
tm0929
tm19841029
tm19841029
tmy1990
tommywant
tommywant
tong1223
tong1223
tong1992
tong1992
tonglu
tongmeng
tongzrak
tony198787
tossoul
tossoul
tp6420165
tpw19870225
tqk821206
truesteven
tsw1988
tsx0451112
tsx0451112
tsy5055
tt160160
tt1990y
tt1990y
tt21xinsui
tt21xinsui
tt880112
tw19920406
tx19861230
tx19891105
txy1981
txy1981
txy19840819
txy19840819
txy19871218
ty810824
tyb2005
tyg126127
tys1988
tys1988
tys1988
tyw1982
tyy4571796
tyy4571796
tz19891125
tzhaoqing
u177gqep
u177gqep
upset15
vanfan2232
vcs1984
verday
vince510
vipsunmin
vipsunmin
vv2482323
w08223031
w2397639
w260414588
w3012100
w3356563
w3427994
w3463130
w396781153
w5070504
w6326913
w6326913
w6361426
w641501591
w648832187
w74596536
w8613579
w8747477
w8831792
wa19840328
wa4913382
wa9504203
wade0710
wade321
waln2002
wan1314
wan831204
wanbing
wanbing
wancheng
wang0214
wang0416
wang0607
wang0902
wang0904
wang1004
wang1104
wang1181
wang1210
wang1982
wang1986
wang1986
wang1987
wang1988
wang1988
wang1988
wang1988
wang1989
wang1989
wang1989
wang1990
wang1990
wang1991
wang1993
wang1994
wang521k4
wang521k4
wang620103
wang74589
wang74589
wang789546
wang880508
wang880519
wang891118
wangbin123
wangbo1019
wangboshi
wangchu
wangchu
wangda
wangdawei
wangdawei
wangdawei
wangfan
wangfan500
wangfeng
wangfeng
wangfeng
wanggang
wanggongli
wanghai
wanghao
wanghao123
wanghe1989
wanghu718
wanghua
wanghuan
wanghui
wanghui123
wangji157
wangjia123
wangjian
wangjian
wangjian
wangjian
wangjian
wangjian
wangjianli
wangjie
wangjie
wangjie123
wangjin38
wangjing
wangjingyu
wangjiwen
wangjun
wangjun
wangjun
wangjun
wangjun
wangjunhe
wangjunhe
wangjunwei
wangjuyong
wangkai123
wanglei
wanglei
wanglei
wanglei
wanglei123
wangli
wanglianpo
wangling
wanglong
wanglu1223
wanglu123
wangmeng
wangming13
wangmz
wangpei
wangpeng
wangqi1986
wangqi1986
wangqian
wangqiang
wangrui
wangrui
wangrui
wangrui
wangshibo
wangshuai
wangshun
wangsong
wangtian
wangwei
wangwei
wangwei
wangwei123
wangwei123
wangwei123
wangweinan
wangxc1994
wangxiang
wangxiao
wangxiao
wangxin
wangxing
wangxiyang
wangxiyang
wangxr123
wangxu
wangxu1989
wangxy1997
wangyajian
wangyan
wangyan
wangyan
wangyanbo
wangyang
wangyang
wangyang
wangyang
wangyang
wangyangyu
wangyao
wangye1985
wangyibo
wangyihan
wangyixu
wangyu1990
wangyu201
wangyuding
wangyuding
wangyue123
wangyufu
wangyufu
wangyuhang
wangzhe
wangzhen
wangzhi
wangzm
wanj1126
wanjie1023
wanjie1023
wanwan1015
wanwei0929
wanwen3
was777
wasg3344
waspwm257
wavebosky
wazzxaw
wb1325064
wb19861109
wb19890614
wb19891202
wb811130
wbh0107
wbw19910412
wby147741
wby147741
wc19880728
wc19890105
wc19890519
wc19901201
wc871029
wc881023
wcb19801209
wcc3221
wcg52100
wcg52100
wcwiex
wcwiex
wcx19860302
wd1203
wd19890311
wd850724
wd861120
wd871010
wdf1990
wdf1990
wdf821128
wdm19871218
wdmmtv
wdy19870318
wei0401
wei19881012
wei19900201
wei5173
wei841128
weibing123
weibosina
weichang
weijie
weijin
weijinlong
weilinbo
weilisi123
weiniliu
weiniliu
weiqiang
weirui
weirui
weirui
weisihai
weiwei
weiwei123
weiwei1989
weiwei1990
weiwei1990
weixiang
weixiang
weixin
weiyijie
weiyu10
weizheng
weizheng
weko0327
weko0327
welike88
wen123
wen1987
wen19920615
wen313
wenbo0322
wenc210
weng891027
weng901231
wenglihui
wenjie313
wenjing
wenkang
wenkang
wenliang
wentao1990
wenwei
wenwen
wenwenrdj
wenyi0126
wenyuchang
weu788
wf19861222
wf900911
wf900911
wf900911
wg19820922
wgb1980
wgl1209
wgl1987
wgq19880421
wgy19830225
wgy19830225
wh19840917
wh19880404
wh19881022
wh19911017
wh811228
wh840416
whc081
whc081
whc19881224
whf1986
whf19860813
whf19890128
whglgzn
whglgzn
whj0421
whj5484138
whj881216
whk881010
whl1986
whl821018
whm987513
whui1983
whuser123
whx1214
why870725
why870803
why910530
whyujiang
whz16316
whz16316
whz19890411
wianshi
willing
wilton
wilton
windows
windwolf
wing009720
wing2137
winky35roy
winter
wj19840319
wj19870219
wj19891020
wj19900717
wj358426sg
wj770625
wj8456295
wj870402
wj880315
wjb19770619
wjb880128
wjcheng000
wjf320
wjh1989
wjh920408
wjj1128
wjj1128
wjj1983
wjj1985
wjkr520
wjm19841025
wjm900826
wjm900826
wjq881207
wjw810929
wjy910101
wjy950331
wjz19900507
wjz880509
wjz890920
wk1124
wklove520
wknmbhd
wkx19891002
wkx880122
wl19860820
wl198623
wl198623
wl19880304
wl19891216
wl19910724
wl820502
wl821223
wlb1983
wlj19881124
wlp4800804
wlsyt163
wm19890221
wms1008
wmwaya
wn1989829
wnba1142
wnch1025
wnch1025
wnx1023
wo1314aihd
wo2464
woaiguoni
woaim4a1
woaini
woaini1314
woaishan
woaiterry
wohexiaosh
wolfpk
wolfpk
wonder
wonder
woodandsun
woodandsun
wori5019
woshimadi2
woshinipb
woslqb
wouirfmm
wozuikuang
wp19851118
wp19871228
wp19930610
wp881222
wpf1984
wpf901115
wpf901115
wpring
wq1002
wq19860604
wq19880210
wq19911229
wq19931111
wq320113
wq5513031
wq556655
wq556655
wq860715
wqf880418
wqvbka
wqwadw
wqwq130
wqy1021
wqy1021
wqy1021
wqz890929
wr19931020
wrg811210
wrg811210
wrl820804
ws02749511
ws12090
ws19940415
ws890301
ws890901
wsadslh123
wsg19861011
wsh123
wsh522517
wshion1987
wsj1984
wsjly1987
wsk19850404
wskssai
wskssai
wskyygysx
wsn2194759
wsnbnsw18
wsq890131
wsr19831020
wss880120
wss880120
wsx14235
wsy1985
wsy19900315
wsy870214
wtf19850826
wtf19900212
wth870628
wtl881114
wu19871002
wu437545
wu437545
wu890126
wuai1012
wucanbin
wuchao1989
wuchunhui
wudapeng
wudi1981
wudong963
wugang5853
wuguang
wuhaibo
wujia59
wujiahong
wujian
wujian
wujian1125
wujian1125
wujiaxing
wujie1986
wujie1986
wujing0707
wujingliu
wukang1992
wukeyan123
wulei113
wulichao
wulingzi
wuliping
wupei1983
wupeng1123
wuqi1988
wuqiming
wushurui
wutong0424
wuwenchen
wuwenyan
wuxiangjie
wuxing328
wuxing328
wuxinyi22
wuyang1982
wuyixiong
wuyiyong
wuyuhao
wuyun2598
wuzhen
wuzhiting
wuzixi1994
wuzuolin
ww19821202
ww19841121
ww19891111
ww598024
ww598024
ww75955499
ww810314
ww821229
ww8514421
wwb900221
wwd1234wwd
wwd1234wwd
wwf121
wwg1982
wwh19891014
wwj19910905
wwkk1985
wwkk1985
wwp880405
wwp880405
wwr198688
www3055480
www3055480
www4445556
wx0827
wx71989
wx71989
wx810902
wx881216
wxd19881218
wxj19940423
wxn123
wxret1234
wy1256789
wy19860929
wy19880515
wy1991
wy19910924
wy228167
wy86113797
wy901015
wyb19891206
wyb860901
wyb910221
WYC0SRW
wyc19920425
wyf19920628
wyh04781
wyh19940603
wyl19880620
wyp890224
wyvern
wyvern
wyw1988
wyw1988
wyx1988
wyx19901230
wyz861205
wyz900329
wz19880115
wz19880626
wz19880724
wz19920917
wz19940926
wz900129
wzc910713
wzcn1991
wzh1988
wzl1013
wzl880925
wzm19910501
wzs0716008
wzs0716008
wzt19921019
wzw0815
wzy791207
x164809424
x1x1x1x1
x3218850
x637300
x6632290
x6866942
x76976921
x76976921
x7923032
xacysbb110
xb19891114
xc19870422
xc19880228
xc19891207
xc19891207
xc19910208
xc19910208
xc19910707
xc881222
xcl1980
xcl841231
xdp1983
xdw1983
xdy1117
xdy2009
xf19840928
xf19900731
xf831109
xfhu896375
xg19760702
xg801031
xgf1994
xgp19921017
xh921021
xhg1215
xhx1211
xi19891008
xia123wei
xia1991
xia8489890
xiaguangyu
xialei1985
xianfa0421
xiangke
xiangke
xiao0103
xiao0103
xiao0724
xiao0924
xiao17da18
xiao1989
xiao3913
xiao893911
xiao920321
xiaobai
xiaochun
xiaoda0454
xiaoda0454
xiaodong
xiaofei
xiaofei
xiaofei
xiaofeng
xiaofeng
xiaofeng
xiaofeng10
xiaogen123
xiaohai1
xiaohan
xiaohan
xiaohe1122
xiaohe1122
xiaohui123
xiaojun
xiaojun
xiaoku
xiaolai
xiaolang
xiaolang
xiaolei
xiaoleilei
xiaoliang
xiaoliang
xiaoliu
xiaoliu
xiaolong
xiaolong1
xiaoqi1987
xiaosan
xiaosan
xiaosen123
xiaosi277
xiaoti5200
xiaoti5200
xiaotouxu
xiaowei
xiaowu152
xiaoxiong
xiaoxiong
xiaoxu0812
xiaoyang
xiasum
xiasum
xiawei1984
xiawei1989
xiaxin
xiayang890
xie821030
xie850112
xie881013
xie881013
xie881013
xie890728
xiecong
xiecong
xiegang
xiegang
xiegang
xiehong123
xiejian123
xiejun1991
xiemeidan
xiemeidan
xiemeidan
xietao
xietao
xietao
xieyang
xieyang
xieyao123
xieyichun
xieyong
xiezhenyu
xifeng1
xin1988
xin4416841
xin890721
xinfan
xing001
xing001
xing0710
xinglong
xingpeng
xingshuai
xingxiangi
xingxiangi
xingyu
xingyu
xingyu
xinkai45
xinkai45
xinliang
xinliang
xinmen
xinpan1117
xinxin123
xinxin23
xinyifan
xinyifan
xiong1987
xiong1991
xionghuisw
xiongjuan
xiongmao
xiongmao0
xiongwei
xiongxin
xiongxixin
xiongxixin
xiongxixin
xiujin521
xiuxuan
xiuxuan
xizai87
xj5752653
xj7841
xjh1990
xjhlrt
xjhlrt
xjkxjkxjk
xjp814
xjy19880928
xkh520
xkrs6818
xkw890525
xl19801107
xl1986xl
xl19880925
xld1988
xlx1777
xm3cweekly
xm831125
xm880610
xnh861119
xp9998755
xpc1221
xpl19870129
xq19891001
xq4316018
xrj1991
xrs0929
xrs0929
xs19900625
xs19910712
xs871015
xsj19890612
xsy0815
xsz2fp
xt12345600
xu19901014
xu7562119
xu850923
xu881206
xubo198514
xubo198514
xubo1989
xubo1989
xuda0101
xue19871025
xuechao
xuefeng
xuekang
xuelei
xuelei
xuelu1988
xuetu8965
xueyao
xufang
xufeicheng
xufeng
xufeng
xufeng
xufeng1985
xuheliang
xujia008
xujia008
xujiajia
xujian
xujianyun
xujiexhf
xujiuhua
xujiuhua
xujun1003
xukai0101
xukai1990
xukejia
xulei431
xuli0215
xuliaishui
xulian1985
xulin1990
xuliqiu
xumr754
xushiqi
xushuhao
xushuhao
xutao1986
xutao7787
xutao7787
xuwenhong
xuwenhong
xuwenjun
xuyan1988
xuyawei123
xuyuxin
xuyuxin
xuzhiyong
xuzhou1989
xv999999
xw19911010
xw19940517
xw920221
xwlxxy520
xwp19820622
xww123
xww123
xww123
xwx19900215
xwyx87
xx19890429
xx19900927
xx821128
xxdd8844
xxf891210
xxh880121
xxp31660
xxp31660
xxpaway
xxy2007
xy19890630
xy19910918
xy19930507
xyh880809
xyj19920719
xyk5792419
xyk5792419
xyl1015
xyq123
xys1988
xyx0901
xyx19870202
xyy1989
xyz0287
xz0340460
xz19890528
xzc19881023
xzm921006
xzw19820313
xzx19881116
xzy118
y6614327
yan11yan11
yan821004
yang0118
yang0118
yang0501
yang0528
yang0529
yang0817
yang1127
yang121700
yang145
yang1982
yang1983
yang1987
yang1988
yang1994
yang871225
yang950206
yanganfeng
yangbin
yangbing16
yangbo0513
yangchao
yangchao
yangcheng
yangchunfu
yangfei
yangfei
yangfeng
yanggang
yanggang
yangguang
yanghainan
yanghao
yanghao
yanghao
yanghuan
yangjc
yangjc
yangjf1980
yangjian
yangjian
yangjinjie
yangjun
yangjun
yangjun123
yangkai
yangkai361
yangkai361
yanglu0126
yangming
yangming
yangpa1900
yangpeng
yangrui
yangrui
yangsilong
yangxiao
yangxiaoke
yangxing
yangyang
yangyang
yangye119
yangyi
yangyi1986
yangyu0510
yangyu0510
yangzi
yanhongjia
yanhongjia
yanjp2003
yanjunyi
yanlei1986
yanxin123
yanyu1030
yao0312
yao19900108
yao5417
yao830730
yao830730
yao861210
yaobenchen
yaojie114
yaojie114
yaojm1993
yaojunhao
yaojunhao
yaopingyu
yaoshiyu
yaoshiyu
yaoshiyu
yaowei
yb19890107
yb3123995
ybq910511
ybx1994
ybz861225
yc19871025
ycx890925
yd1205
ydg0212
ydz19900721
ye19870506
ye6168396
ye74847
ye74847
ye890808
yechao9989
yejj860925
yex881004
yf19851103
yf871112
yf871112
yf871112
yf871112
yf871112
yf8825772
yf890505
yff33660
yfs25yfs
yh19890703
yh19940222
yhb821217
yhc19890630
yhg1982
yhh821025
yhq19871108
yhs950826
yht0415
yhw800716
yhy145236
yibo199058
yifan186
yifeng2245
yihao21
yinbo1986
yinfan120
yinfan4141
yinfan4141
yinfei
yingjie123
yingqun00
yinh0923
yinh0923
yinhua
yinjian
yinjian
yinjinlong
yinjun
yinlong
yinquan123
yinwei1990
yinxudong
yinyue
yishuang
yitao1987
yitian
yizhi110
yj821016
yjc1985
yjj1203
yjl19881106
yjp123
yjswc52mm
yk19881018
yk760616
yk880401
yl19931205
yl4066
ylc0806
ylj761024
ylx1984
ylyt1314
ylz1201
ym19931023
ym821007
ym85918438
ymfh01312
ymy1978
ymy1978
yn19811011
yong0707
yongchao
yonghui123
yongliang
yongsheng
yongzi
you2941221
youhun8oy
youlincn
youlincn
youljingf
youljingf
yoyo123
yp0507
yp1984
yp800310
yq840812
yqf0214
ys750916
ys810910
ysj1990
ysw135202
yt19900608
yt830630
yt881030
ytc1986
ytc1986
yu19851231
yu900525
yuan0603
yuan123
yuan1987
yuan1989
yuan74521
yuanjie
yuanlong
yuanmin
yuansong
yuanwen
yuanyue
yuanyue
yuanyue
yuanyuhua
yuanzi
yuanzuo123
yuchao123
yuchen007
yuchen007
yuchen013
yudejiang
yudejiang
yuefeng
yuehong
yuehonglin
yuezhu5956
yufan1984
yufan1985
yugang
yugang
yugang
yuhaiyang
yuhao0630
yuhongquan
yujiad88
yujian0312
yule1110
yulele1993
yumeng90
yunhe1989
yupeng1986
yupeng1986
yuq751020
yuqian
yuqian
yuruizhi
yutao216
yuwei1986
yuxiaoyuan
yuyang
yuyang
yuyang
yuyang
yuyang1988
yuyin1031
yuyucai123
yvhklove
yw1988
yw1988
yw1988
ywh870827
ywj19890729
ywk1985
yx880829
yx910409
yx960203
yxp910126
yxq1986
yxw811024
yxx0413
yxy871028
yy19861217
yy19870815
yy19900310
yy19941121
yych007
yycyt91410
yycyt91410
yyf810901
yyf850213
yyjun934
yys1111
yyt19880802
yyz911029
yz19940615
yz516527
yzh840317
yzking18
yzl880403
yzmxy5
yzmxy5
yzq761013
yzx1994
yzy19960804
yzz790504
z0z0x0
z164443986
z19778750
z2158893
z2528536
z260868804
z2960391
z316002613
z395432442
z39722272
z4345220
z5056763
z5211314
z52190728
z5651046
z6925317
z6998796
z6998796
z8091188
z86517841
z8782300
zanenyu123
zb1129
zb19880510
zb19890225
zb850712
zb860208
zb8671580
zbc19870731
zbg1984
zbw1011
zbw1987
zbz4785
zbz4785
zc19851010
zc19880117
zc19880206
zc478160
zc821128
zc891001
zc891001
zca70917
zcc1985
zcd321
zcg1992
zch0312
zch0312
zch900413
zcl1122
zcl1122
zcl1122
zcl1984
zcl198748
zcx5328208
zcz741
zd6240052
zdjd110
zdw1989
zdwjay
zeeman
zeiai5211
zezheng123
zf19791002
zf19890405
zf570767
zfk19870610
zft1214
zfz06139
zgh1314
zgh1984
zgj881210
zgq780921
zgq851218
zgx123457
zh19900110
zh19930414
zh2607068
zh5201314
zh896361
zh950226
zhaiyue
zhaiyue
zhang0430
zhang1004
zhang1015
zhang1023
zhang1107
zhang123
zhang123
zhang1862
zhang1986
zhang1987
zhang1987
zhang1988
zhang1988
zhang1990
zhang1990
zhang1994
zhang3788
zhangbo
zhangce123
zhangchi
zhangchu
zhangchu
zhangcong
zhangdakai
zhangdi247
zhangdi247
zhangding
zhangfan
zhangfan98
zhangfei
zhanghai
zhanghao
zhanghao
zhanghao
zhanghao
zhanghe123
zhanghong
zhanghu
zhangjian
zhangjian
zhangjian
zhangjie
zhangjie
zhangjing
zhangjing
zhangjing
zhangjing
zhangjun
zhangkai
zhanglei
zhanglei
zhanglei
zhanglei
zhanglei
zhanglei
zhanglin
zhanglin
zhanglubo
zhangmeng
zhangmin
zhangming
zhangmy123
zhangmy123
zhangnaibo
zhangqi
zhangqiang
zhangrui
zhangrui
zhangshuai
zhangsong
zhangwei
zhangwei
zhangwei
zhangwei
zhangwei
zhangwei
zhangxiang
zhangxiao
zhangxiao
zhangxin
zhangxingm
zhangxingm
zhangyan
zhangyan
zhangyan
zhangyao
zhangye123
zhangyi
zhangyi
zhangyi
zhangyi123
zhangyu
zhangyue
zhangyue
zhangyue
zhangzhi
zhankai
zhao0713
zhao1022
zhao1022
zhao1225
zhao1986
zhao1987
zhao1989
zhao781005
zhao870925
zhao900122
zhaobi8210
zhaobin
zhaobolun
zhaobolun
zhaocan
zhaocan
zhaocan
zhaoci93
zhaoci93
zhaodi
zhaofeng
zhaofeng
zhaofhq
zhaoguan
zhaohg89
zhaohg89
zhaohot523
zhaojian
zhaojie
zhaokai9
zhaolei
zhaoli1201
zhaoliyu
zhaolong
zhaopeng
zhaopeng
zhaopu0519
zhaoqi1991
zhaoqi699
zhaoqi699
zhaorui008
zhaorui9
zhaoshan
zhaoshan
zhaoshan
zhaoshi
zhaoshi
zhaoshuai
zhaowei
zhaoweit
zhaoxin
zhaoyan
zhaoyan
zhaoyixue
zhaoyu
zhaoyu0108
zhaoyue87
zhaoyue87
zhaozhen
zhaozhibin
zhawenlei
zhawenlei
zhchx1987
zheng1987
zheng1988
zhengdong
zhengfei
zhenghe123
zhengkai
zhengqiang
zhengwei
zhengwei
zhengxl
zhengxl
zhengzhuo
zhenhongda
zhenhongda
zhenhongda
zhg890612
zhh941204
zhi56123
zhiheng15
zhimin123
zhixu1986
zhixu1986
zhiywu
zhiywu
zhj19860516
zhk19890722
zhlong
zhlong
zhm1021
zhm19790406
zhn61043
zhong0304
zhongjie
zhonglei
zhonglei
zhou0405
zhou0728
zhou1211
zhou1876
zhou1983
zhou1987
zhou1987
zhou1992
zhou8821
zhou910720
zhouding
zhoufeng
zhouhao123
zhouhu123
zhoujia
zhoujia521
zhoujia521
zhoujie1
zhoujie1
zhoujing48
zhoulihua
zhoushi
zhoushuai
zhoushuai
zhoutun
zhouwenyu
zhouxiao
zhouyajian
zhouyajian
zhouyan123
zhouyin22
zhouzhou
zhouziyang
zhp880527
zhq123
zhrm1983
zhrm1983
zhrm1983
zhrm1983
zhs19860302
zht19870411
zhu00333
zhu0929
zhu123
zhu19890910
zhu520
zhu871122
zhu8792415
zhuangyan
zhuangyuan
zhuangyuan
zhucheng
zhucheng
zhuhao
zhuhong123
zhujiansen
zhujiansen
zhujie1023
zhujie1023
zhukaidi
zhukaidi
zhukewei
zhukewei
zhukongxi
zhukui123
zhukunlp
zhulei
zhuofan123
zhuofan123
zhupeng
zhupengfei
zhuqun
zhuweinan
zhuwen
zhuwen
zhuwen
zhuyanyu
zhuyanyu
zhuyi528
zhuzai
zhuzhu
zhw1113
zhw19870901
zhw34520
zhy1991
zhy931218
ziwen1234
zixin1228
ziyi1345
zj1225
zj135804
zj135804
zj19860702
zj19890922
zj19891231
zj850716
zj86874986
zj900205
zjb198761
zjb7225100
zjb880103
zjc1262008
zjc1262008
zjh1977
zjh1989
zjh19900218
zjj1224
zjj19880608
zjm19900912
zjm2628
zjm2628
zjp19841001
zjp1989
zjq1989
zjq1989
zjq1989
zjr19910909
zjs1988615
zjt199036
zjtlym1
zjw19931126
zjy19941024
zjy860629
zk19890214
zk19901107
zk62913971
zk820909
zk881230
zk890424
zkc1987
zkmwoooi
zl19821228
zl19900817
zl19911118
zl19980212
zl563115
zl860826
zlb19920508
zlfei0204
zlj870401
zll518250
zlq2024611
zlq890218
zlt830730
zly19890901
zm841104
zm890527
zmb1983
zmpa88962
zmzweiyi
zn0319
zn1984
zobousa
zoly819247
zongting
zouhj8433
zoutong123
zouwei0827
zp1227
zp19861216
zp3245087
zp831219
zp900112
zpc1986
zpc1986
zpf861004
zpj1122
zpw1995
zpws123
zpx0021579
zpx0021579
zq11827225
zq19851115
zq19870619
zq19880218
zq19931201
zq2222725
zq881028
zq881028
zq890629
zrh921023
zrk0310
zrx84562
zs0325
zs19851105
zs19880327
zs5423481
zsb861126
zsc0418
zsd19920131
zsh4011810
zsj19850808
zsj851102
zsk820319
zsm331517
zsn19940129
zsq110120
zsq1985
zsx0321
zsx123
zsxufo
zsxufo
zsy1201
zsy830418
zsy8384609
zsz891018
ztn19901021
ztyzl5300
zubl1978
zuojinjswo
zw122618
zw870417
zw880820
zw888888
zw946504
zwd870906
zwd910126
zwh123
zwhzwhzwh1
zwj5426622
zwk135098
zwoo123
zwoo123
zwq1991
zwr19891012
zwt19880717
zx19800616
zx19800802
zx19850108
zx19860423
zx19861028
zx19870221
zx19870722
zx19880310
zx19880409
zx19890115
zx19901019
zx19901020
zx2030
zx813329
zx830105
zx840920
zx860818
zx880225
zx8932zx
zxb810221
zxc198879
zxc520
zxd1226
zxd860920
zxf1010
zxf19870511
zxf19871212
zxf891106
zxg831115
zxhui30
zxj850930
zxk860628
zxl15956
zxlee0083
zxm1987
zxmo1290
ZXQ890706
zxr0415
zxr0415
zxr123321
zxw1987
zxy159852
zxy170517
zxy19900305
zxy2008
zxy3220921
zxy524428
zxy820511
zxy8900461
zxy910811
zy19861021
zy19861220
zy19870112
zy19870321
zy19891019
zy1990
zy19900928
zy680123
zy8202479
zy830119
zy8422875
zy850811
zy870612
zy880924
zy890429
zya1993
zyb1112
zyb19830523
zyb800519
zyb870124
zyc0318
zyc1124
zyc900520
zycctv1234
zycctv1234
zyg871218
zyg890914
zyh1981
zyh800213
zyh881020
zyh930216
zyl1988
zyl1990
zym1981
zym4night
zysk19
zyt19890705
zyy851212
zyz1010
zyz8899869
zz0418
zz08270403
zz19881223
zz19891025
zz19891109
zz199074
zz19931026
zz210403
zz210403
zz5215496
zz831024
zz920107
zzc132456
zzg123
zzg1984
zzh1992
zzh821006
zzh841108
zzh861010
zzh9905118
zzh9905118
zzj510520
zzj510520
zzm2192033
zzq851211
zzs123
zzw072
zzw921020
zzwar2003
zzwjf5
zzx1989
zzx835599
zzy0122
zzy1101
zzy19901103
zzy810915
zzy911116
zzzaaa123
