12345678 
123456789 
88888888 
1234567890 
00000000 
87654321 
66668888 
147258369 
11111111 
987654321 
11223344 
123123123 
66666666 
0123456789 
88889999 
12341234 
11112222 
a123456789 
12344321 
12345679 
a12345678 
99999999 
a1234567 
999999999 
abcd1234 
1122334455 
9876543210 
23456789 
abc123456 
123456789a 
qwertyuiop 
A1b2C3d4 
88886666 
123456780 
12345687 
12345678A 
8888888888 
012345678 
22222222 
1234554321 
12345678910 
asdfghjkl 
111222333 
66778899 
1234567899 
77777777 
00001111 
12356789 
123456788 
888888888 
0000000000 
01234567 
12345678900 
55555555 
321321321 
meiyoumima 
98765432 
AA123456 
789456123 
1111111111 
12121212 
0987654321 
12345677 
buzhidao 
123456987 
123321123 
168168168 
33333333 
1234512345 
1233211234567 
01020304 
111111111 
123456789. 
369369369 
abc12345 
000000000 
123654789 
77778888 
qq123456 
1357924680 
789789789 
123456123 
abc123456789 
55558888 
aaaaaaaa 
ABC12345678 
1234567890123 
11118888 
55556666 
741852963 
963852741 
110110110 
12345689 
55667788 
asd123456 
777888999 
12346789 
12345600 
1234567891
